0 	 0 
1 	 1 
2 	 2 
3 	 3 
4 	 1 
5 	 2 
6 	 4 
7 	 0 
8 	 5 
9 	 6 
10 	 7 
11 	 3 
12 	 8 
13 	 9 
14 	 6 
15 	 10 
16 	 11 
17 	 12 
18 	 6 
19 	 1 
20 	 13 
21 	 14 
22 	 15 
23 	 16 
24 	 17 
25 	 18 
26 	 19 
27 	 20 
28 	 21 
29 	 22 
30 	 23 
31 	 19 
32 	 13 
33 	 10 
34 	 6 
35 	 24 
36 	 10 
37 	 9 
38 	 25 
39 	 26 
40 	 26 
41 	 27 
42 	 28 
43 	 15 
44 	 3 
45 	 29 
46 	 29 
47 	 30 
48 	 31 
49 	 32 
50 	 33 
51 	 26 
52 	 32 
53 	 26 
54 	 22 
55 	 34 
56 	 9 
57 	 26 
58 	 26 
59 	 32 
60 	 14 
61 	 35 
62 	 31 
63 	 36 
64 	 37 
65 	 38 
66 	 38 
67 	 39 
68 	 38 
69 	 40 
70 	 41 
71 	 42 
72 	 38 
73 	 43 
74 	 44 
75 	 38 
76 	 37 
77 	 45 
78 	 37 
79 	 40 
80 	 46 
81 	 47 
82 	 48 
83 	 37 
84 	 48 
85 	 40 
86 	 49 
87 	 47 
88 	 43 
89 	 50 
90 	 51 
91 	 52 
92 	 53 
93 	 40 
94 	 47 
95 	 54 
96 	 38 
97 	 60 
98 	 49 
99 	 49 
100 	 55 
101 	 56 
102 	 53 
103 	 47 
104 	 51 
105 	 49 
106 	 57 
107 	 58 
108 	 41 
109 	 52 
110 	 49 
111 	 41 
112 	 38 
113 	 38 
114 	 59 
115 	 60 
116 	 37 
117 	 61 
118 	 49 
119 	 47 
120 	 62 
121 	 49 
122 	 41 
123 	 53 
124 	 50 
125 	 63 
126 	 61 
127 	 49 
128 	 37 
129 	 61 
130 	 64 
131 	 38 
132 	 65 
133 	 40 
134 	 39 
135 	 66 
136 	 40 
137 	 59 
138 	 38 
139 	 41 
140 	 47 
141 	 67 
142 	 38 
143 	 37 
144 	 68 
145 	 37 
146 	 49 
147 	 47 
148 	 38 
149 	 43 
150 	 43 
151 	 44 
152 	 44 
153 	 66 
154 	 43 
155 	 69 
156 	 70 
157 	 49 
158 	 63 
159 	 49 
160 	 47 
161 	 37 
162 	 37 
163 	 69 
164 	 71 
165 	 43 
166 	 72 
167 	 37 
168 	 53 
169 	 60 
170 	 53 
171 	 72 
172 	 58 
173 	 49 
174 	 38 
175 	 38 
176 	 60 
177 	 69 
178 	 69 
179 	 49 
180 	 40 
181 	 68 
182 	 70 
183 	 38 
184 	 73 
185 	 47 
186 	 49 
187 	 49 
188 	 38 
189 	 38 
190 	 38 
191 	 70 
192 	 62 
193 	 37 
194 	 47 
195 	 36 
196 	 71 
197 	 75 
198 	 47 
199 	 76 
200 	 41 
201 	 70 
202 	 49 
203 	 49 
204 	 63 
205 	 37 
206 	 41 
207 	 77 
208 	 38 
209 	 43 
210 	 71 
211 	 38 
212 	 75 
213 	 47 
214 	 38 
215 	 41 
216 	 41 
217 	 36 
218 	 78 
219 	 38 
220 	 41 
221 	 41 
222 	 71 
223 	 38 
224 	 66 
225 	 36 
226 	 79 
227 	 38 
228 	 37 
229 	 37 
230 	 65 
231 	 66 
232 	 38 
233 	 71 
234 	 37 
235 	 66 
236 	 53 
237 	 41 
238 	 50 
239 	 38 
240 	 80 
241 	 45 
242 	 65 
243 	 40 
244 	 59 
245 	 47 
246 	 43 
247 	 59 
248 	 75 
249 	 62 
250 	 66 
251 	 45 
252 	 62 
253 	 38 
254 	 73 
255 	 57 
256 	 38 
257 	 38 
258 	 37 
259 	 66 
260 	 43 
261 	 76 
262 	 46 
263 	 53 
264 	 71 
265 	 51 
266 	 38 
267 	 57 
268 	 38 
269 	 37 
270 	 72 
271 	 66 
272 	 73 
273 	 79 
274 	 38 
275 	 66 
276 	 75 
277 	 78 
278 	 73 
279 	 37 
280 	 47 
281 	 67 
282 	 38 
283 	 37 
284 	 72 
285 	 39 
286 	 58 
287 	 60 
288 	 38 
289 	 38 
290 	 36 
291 	 41 
292 	 38 
293 	 43 
294 	 38 
295 	 78 
296 	 77 
297 	 48 
298 	 37 
299 	 38 
300 	 38 
301 	 79 
302 	 73 
303 	 67 
304 	 38 
305 	 38 
306 	 81 
307 	 41 
308 	 73 
309 	 41 
310 	 61 
311 	 53 
312 	 38 
313 	 79 
314 	 74 
315 	 61 
316 	 53 
317 	 82 
318 	 53 
319 	 67 
320 	 73 
321 	 47 
322 	 53 
323 	 38 
324 	 53 
325 	 72 
326 	 49 
327 	 61 
328 	 53 
329 	 40 
330 	 61 
331 	 77 
332 	 61 
333 	 38 
334 	 47 
335 	 38 
336 	 79 
337 	 38 
338 	 71 
339 	 53 
340 	 53 
341 	 53 
342 	 43 
343 	 53 
344 	 39 
345 	 77 
346 	 77 
347 	 73 
348 	 53 
349 	 57 
350 	 69 
351 	 83 
352 	 38 
353 	 45 
354 	 77 
355 	 84 
356 	 38 
357 	 83 
358 	 67 
359 	 38 
360 	 48 
361 	 36 
362 	 77 
363 	 53 
364 	 38 
365 	 53 
366 	 48 
367 	 38 
368 	 38 
369 	 71 
370 	 71 
371 	 41 
372 	 68 
373 	 53 
374 	 53 
375 	 47 
376 	 69 
377 	 38 
378 	 38 
379 	 47 
380 	 61 
381 	 53 
382 	 47 
383 	 53 
384 	 67 
385 	 77 
386 	 38 
387 	 40 
388 	 82 
389 	 38 
390 	 36 
391 	 53 
392 	 38 
393 	 53 
394 	 53 
395 	 69 
396 	 73 
397 	 38 
398 	 53 
399 	 47 
400 	 77 
401 	 84 
402 	 70 
403 	 53 
404 	 61 
405 	 38 
406 	 38 
407 	 53 
408 	 36 
409 	 56 
410 	 53 
411 	 59 
412 	 53 
413 	 82 
414 	 82 
415 	 53 
416 	 38 
417 	 53 
418 	 39 
419 	 80 
420 	 79 
421 	 80 
422 	 38 
423 	 61 
424 	 66 
425 	 80 
426 	 56 
427 	 82 
428 	 80 
429 	 61 
430 	 80 
431 	 55 
432 	 55 
433 	 67 
434 	 84 
435 	 38 
436 	 85 
437 	 80 
438 	 48 
439 	 80 
440 	 84 
441 	 38 
442 	 70 
443 	 38 
444 	 76 
445 	 80 
446 	 85 
447 	 80 
448 	 61 
449 	 38 
450 	 86 
451 	 80 
452 	 71 
453 	 69 
454 	 80 
455 	 38 
456 	 80 
457 	 38 
458 	 80 
459 	 84 
460 	 41 
461 	 41 
462 	 66 
463 	 42 
464 	 41 
465 	 36 
466 	 43 
467 	 41 
468 	 76 
469 	 55 
470 	 82 
471 	 80 
472 	 38 
473 	 85 
474 	 80 
475 	 65 
476 	 80 
477 	 38 
478 	 38 
479 	 80 
480 	 43 
481 	 56 
482 	 38 
483 	 41 
484 	 80 
485 	 38 
486 	 36 
487 	 78 
488 	 80 
489 	 38 
490 	 55 
491 	 38 
492 	 85 
493 	 72 
494 	 73 
495 	 80 
496 	 38 
497 	 38 
498 	 80 
499 	 55 
500 	 38 
501 	 49 
502 	 80 
503 	 38 
504 	 38 
505 	 43 
506 	 80 
507 	 43 
508 	 86 
509 	 38 
510 	 50 
511 	 38 
512 	 80 
513 	 70 
514 	 80 
515 	 73 
516 	 66 
517 	 38 
518 	 47 
519 	 80 
520 	 80 
521 	 57 
522 	 41 
523 	 38 
524 	 66 
525 	 80 
526 	 38 
527 	 80 
528 	 55 
529 	 55 
530 	 67 
531 	 61 
532 	 80 
533 	 38 
534 	 56 
535 	 80 
536 	 76 
537 	 41 
538 	 57 
539 	 57 
540 	 66 
541 	 47 
542 	 43 
543 	 43 
544 	 80 
545 	 57 
546 	 66 
547 	 80 
548 	 45 
549 	 43 
550 	 38 
551 	 72 
552 	 80 
553 	 66 
554 	 80 
555 	 56 
556 	 80 
557 	 45 
558 	 48 
559 	 73 
560 	 38 
561 	 80 
562 	 41 
563 	 66 
564 	 38 
565 	 40 
566 	 66 
567 	 38 
568 	 78 
569 	 65 
570 	 80 
571 	 37 
572 	 43 
573 	 46 
574 	 86 
575 	 66 
576 	 38 
577 	 70 
578 	 80 
579 	 67 
580 	 53 
581 	 42 
582 	 48 
583 	 61 
584 	 82 
585 	 77 
586 	 67 
587 	 43 
588 	 62 
589 	 43 
590 	 73 
591 	 66 
592 	 41 
593 	 38 
594 	 53 
595 	 57 
596 	 38 
597 	 53 
598 	 70 
599 	 38 
600 	 38 
601 	 55 
602 	 83 
603 	 38 
604 	 43 
605 	 70 
606 	 86 
607 	 41 
608 	 38 
609 	 50 
610 	 43 
611 	 59 
612 	 49 
613 	 49 
614 	 49 
615 	 54 
616 	 49 
617 	 49 
618 	 38 
619 	 49 
620 	 43 
621 	 49 
622 	 56 
623 	 50 
624 	 39 
625 	 49 
626 	 49 
627 	 76 
628 	 43 
629 	 50 
630 	 49 
631 	 49 
632 	 61 
633 	 38 
634 	 49 
635 	 38 
636 	 43 
637 	 37 
638 	 59 
639 	 61 
640 	 62 
641 	 73 
642 	 49 
643 	 78 
644 	 51 
645 	 70 
646 	 41 
647 	 38 
648 	 81 
649 	 78 
650 	 49 
651 	 72 
652 	 73 
653 	 72 
654 	 49 
655 	 38 
656 	 43 
657 	 50 
658 	 48 
659 	 49 
660 	 38 
661 	 59 
662 	 71 
663 	 70 
664 	 51 
665 	 49 
666 	 40 
667 	 56 
668 	 56 
669 	 39 
670 	 49 
671 	 80 
672 	 53 
673 	 38 
674 	 70 
675 	 65 
676 	 38 
677 	 38 
678 	 62 
679 	 51 
680 	 38 
681 	 73 
682 	 71 
683 	 61 
684 	 51 
685 	 49 
686 	 37 
687 	 59 
688 	 38 
689 	 49 
690 	 56 
691 	 49 
692 	 49 
693 	 70 
694 	 49 
695 	 39 
696 	 59 
697 	 71 
698 	 81 
699 	 70 
700 	 49 
701 	 82 
702 	 61 
703 	 70 
704 	 79 
705 	 81 
706 	 53 
707 	 39 
708 	 49 
709 	 38 
710 	 49 
711 	 79 
712 	 70 
713 	 55 
714 	 43 
715 	 56 
716 	 67 
717 	 38 
718 	 43 
719 	 36 
720 	 67 
721 	 38 
722 	 41 
723 	 51 
724 	 49 
725 	 38 
726 	 73 
727 	 51 
728 	 44 
729 	 49 
730 	 38 
731 	 61 
732 	 49 
733 	 49 
734 	 40 
735 	 38 
736 	 43 
737 	 66 
738 	 49 
739 	 43 
740 	 49 
741 	 61 
742 	 67 
743 	 38 
744 	 56 
745 	 67 
746 	 66 
747 	 49 
748 	 71 
749 	 41 
750 	 67 
751 	 44 
752 	 62 
753 	 41 
754 	 37 
755 	 38 
756 	 37 
757 	 49 
758 	 37 
759 	 86 
760 	 38 
761 	 37 
762 	 65 
763 	 37 
764 	 43 
765 	 38 
766 	 44 
767 	 37 
768 	 71 
769 	 37 
770 	 38 
771 	 56 
772 	 37 
773 	 38 
774 	 62 
775 	 73 
776 	 39 
777 	 59 
778 	 65 
779 	 38 
780 	 72 
781 	 82 
782 	 82 
783 	 73 
784 	 82 
785 	 78 
786 	 82 
787 	 82 
788 	 82 
789 	 81 
790 	 38 
791 	 73 
792 	 78 
793 	 82 
794 	 56 
795 	 66 
796 	 43 
797 	 83 
798 	 36 
799 	 38 
800 	 82 
801 	 82 
802 	 81 
803 	 61 
804 	 67 
805 	 70 
806 	 61 
807 	 82 
808 	 72 
809 	 82 
810 	 82 
811 	 77 
812 	 43 
813 	 78 
814 	 38 
815 	 72 
816 	 82 
817 	 38 
818 	 82 
819 	 38 
820 	 82 
821 	 82 
822 	 38 
823 	 81 
824 	 76 
825 	 43 
826 	 73 
827 	 78 
828 	 45 
829 	 82 
830 	 82 
831 	 86 
832 	 38 
833 	 40 
834 	 55 
835 	 51 
836 	 76 
837 	 82 
838 	 82 
839 	 73 
840 	 66 
841 	 82 
842 	 51 
843 	 55 
844 	 78 
845 	 73 
846 	 86 
847 	 82 
848 	 76 
849 	 82 
850 	 55 
851 	 67 
852 	 78 
853 	 36 
854 	 82 
855 	 82 
856 	 38 
857 	 82 
858 	 82 
859 	 38 
860 	 48 
861 	 82 
862 	 82 
863 	 73 
864 	 72 
865 	 52 
866 	 76 
867 	 74 
868 	 76 
869 	 73 
870 	 38 
871 	 82 
872 	 82 
873 	 82 
874 	 80 
875 	 41 
876 	 38 
877 	 78 
878 	 73 
879 	 51 
880 	 52 
881 	 70 
882 	 86 
883 	 38 
884 	 80 
885 	 61 
886 	 70 
887 	 67 
888 	 82 
889 	 73 
890 	 82 
891 	 82 
892 	 43 
893 	 41 
894 	 43 
895 	 78 
896 	 56 
897 	 83 
898 	 55 
899 	 70 
900 	 70 
901 	 38 
902 	 82 
903 	 82 
904 	 86 
905 	 81 
906 	 82 
907 	 67 
908 	 38 
909 	 82 
910 	 82 
911 	 61 
912 	 82 
913 	 70 
914 	 70 
915 	 73 
916 	 56 
917 	 82 
918 	 38 
919 	 76 
920 	 45 
921 	 82 
922 	 38 
923 	 82 
924 	 66 
925 	 78 
926 	 41 
927 	 82 
928 	 82 
929 	 38 
930 	 81 
931 	 82 
932 	 82 
933 	 78 
934 	 82 
935 	 52 
936 	 61 
937 	 61 
938 	 42 
939 	 82 
940 	 82 
941 	 84 
942 	 80 
943 	 61 
944 	 73 
945 	 43 
946 	 82 
947 	 67 
948 	 38 
949 	 61 
950 	 86 
951 	 78 
952 	 70 
953 	 38 
954 	 50 
955 	 41 
956 	 55 
957 	 82 
958 	 86 
959 	 38 
960 	 70 
961 	 50 
962 	 38 
963 	 82 
964 	 43 
965 	 82 
966 	 86 
967 	 78 
968 	 67 
969 	 82 
970 	 82 
971 	 82 
972 	 82 
973 	 38 
974 	 82 
975 	 41 
976 	 82 
977 	 86 
978 	 82 
979 	 82 
980 	 86 
981 	 78 
982 	 81 
983 	 52 
984 	 82 
985 	 77 
986 	 85 
987 	 82 
988 	 82 
989 	 55 
990 	 86 
991 	 56 
992 	 76 
993 	 79 
994 	 78 
995 	 67 
996 	 41 
997 	 61 
998 	 82 
999 	 82 
1000 	 82 
1001 	 59 
1002 	 82 
1003 	 82 
1004 	 67 
1005 	 67 
1006 	 59 
1007 	 76 
1008 	 77 
1009 	 47 
1010 	 71 
1011 	 85 
1012 	 85 
1013 	 85 
1014 	 38 
1015 	 36 
1016 	 38 
1017 	 56 
1018 	 65 
1019 	 85 
1020 	 85 
1021 	 55 
1022 	 61 
1023 	 36 
1024 	 38 
1025 	 38 
1026 	 54 
1027 	 38 
1028 	 85 
1029 	 59 
1030 	 76 
1031 	 65 
1032 	 85 
1033 	 80 
1034 	 66 
1035 	 59 
1036 	 85 
1037 	 85 
1038 	 77 
1039 	 85 
1040 	 65 
1041 	 85 
1042 	 38 
1043 	 85 
1044 	 36 
1045 	 85 
1046 	 65 
1047 	 43 
1048 	 85 
1049 	 76 
1050 	 71 
1051 	 85 
1052 	 55 
1053 	 66 
1054 	 85 
1055 	 70 
1056 	 85 
1057 	 43 
1058 	 85 
1059 	 36 
1060 	 85 
1061 	 43 
1062 	 56 
1063 	 55 
1064 	 85 
1065 	 38 
1066 	 45 
1067 	 86 
1068 	 45 
1069 	 38 
1070 	 56 
1071 	 43 
1072 	 80 
1073 	 71 
1074 	 38 
1075 	 80 
1076 	 38 
1077 	 38 
1078 	 40 
1079 	 61 
1080 	 59 
1081 	 61 
1082 	 67 
1083 	 61 
1084 	 61 
1085 	 61 
1086 	 70 
1087 	 38 
1088 	 48 
1089 	 55 
1090 	 38 
1091 	 65 
1092 	 61 
1093 	 38 
1094 	 61 
1095 	 70 
1096 	 61 
1097 	 55 
1098 	 38 
1099 	 38 
1100 	 76 
1101 	 43 
1102 	 70 
1103 	 61 
1104 	 38 
1105 	 61 
1106 	 61 
1107 	 61 
1108 	 67 
1109 	 70 
1110 	 61 
1111 	 56 
1112 	 61 
1113 	 61 
1114 	 38 
1115 	 62 
1116 	 61 
1117 	 71 
1118 	 61 
1119 	 70 
1120 	 77 
1121 	 61 
1122 	 70 
1123 	 61 
1124 	 48 
1125 	 50 
1126 	 38 
1127 	 41 
1128 	 59 
1129 	 38 
1130 	 70 
1131 	 55 
1132 	 67 
1133 	 61 
1134 	 38 
1135 	 61 
1136 	 48 
1137 	 61 
1138 	 38 
1139 	 38 
1140 	 50 
1141 	 61 
1142 	 51 
1143 	 70 
1144 	 38 
1145 	 67 
1146 	 72 
1147 	 43 
1148 	 40 
1149 	 61 
1150 	 61 
1151 	 38 
1152 	 70 
1153 	 38 
1154 	 42 
1155 	 48 
1156 	 81 
1157 	 61 
1158 	 36 
1159 	 48 
1160 	 61 
1161 	 48 
1162 	 38 
1163 	 70 
1164 	 52 
1165 	 61 
1166 	 61 
1167 	 61 
1168 	 67 
1169 	 40 
1170 	 36 
1171 	 61 
1172 	 76 
1173 	 61 
1174 	 61 
1175 	 61 
1176 	 76 
1177 	 36 
1178 	 67 
1179 	 38 
1180 	 43 
1181 	 38 
1182 	 67 
1183 	 61 
1184 	 38 
1185 	 52 
1186 	 36 
1187 	 70 
1188 	 67 
1189 	 38 
1190 	 43 
1191 	 38 
1192 	 38 
1193 	 76 
1194 	 72 
1195 	 76 
1196 	 59 
1197 	 59 
1198 	 59 
1199 	 59 
1200 	 59 
1201 	 59 
1202 	 59 
1203 	 43 
1204 	 84 
1205 	 78 
1206 	 78 
1207 	 78 
1208 	 78 
1209 	 38 
1210 	 43 
1211 	 78 
1212 	 43 
1213 	 78 
1214 	 78 
1215 	 72 
1216 	 50 
1217 	 70 
1218 	 42 
1219 	 72 
1220 	 51 
1221 	 78 
1222 	 78 
1223 	 65 
1224 	 38 
1225 	 78 
1226 	 78 
1227 	 55 
1228 	 72 
1229 	 67 
1230 	 78 
1231 	 78 
1232 	 78 
1233 	 78 
1234 	 70 
1235 	 38 
1236 	 74 
1237 	 41 
1238 	 67 
1239 	 78 
1240 	 71 
1241 	 86 
1242 	 81 
1243 	 86 
1244 	 86 
1245 	 38 
1246 	 86 
1247 	 38 
1248 	 62 
1249 	 71 
1250 	 86 
1251 	 71 
1252 	 67 
1253 	 86 
1254 	 59 
1255 	 38 
1256 	 48 
1257 	 38 
1258 	 52 
1259 	 57 
1260 	 38 
1261 	 59 
1262 	 48 
1263 	 72 
1264 	 43 
1265 	 48 
1266 	 72 
1267 	 48 
1268 	 78 
1269 	 48 
1270 	 43 
1271 	 71 
1272 	 50 
1273 	 40 
1274 	 38 
1275 	 43 
1276 	 65 
1277 	 37 
1278 	 38 
1279 	 48 
1280 	 55 
1281 	 70 
1282 	 48 
1283 	 48 
1284 	 40 
1285 	 48 
1286 	 81 
1287 	 48 
1288 	 43 
1289 	 59 
1290 	 48 
1291 	 48 
1292 	 56 
1293 	 56 
1294 	 71 
1295 	 76 
1296 	 48 
1297 	 48 
1298 	 48 
1299 	 42 
1300 	 43 
1301 	 67 
1302 	 59 
1303 	 72 
1304 	 67 
1305 	 67 
1306 	 59 
1307 	 67 
1308 	 55 
1309 	 36 
1310 	 67 
1311 	 41 
1312 	 38 
1313 	 45 
1314 	 67 
1315 	 67 
1316 	 78 
1317 	 74 
1318 	 67 
1319 	 40 
1320 	 67 
1321 	 67 
1322 	 71 
1323 	 67 
1324 	 43 
1325 	 67 
1326 	 43 
1327 	 67 
1328 	 67 
1329 	 59 
1330 	 67 
1331 	 67 
1332 	 67 
1333 	 67 
1334 	 67 
1335 	 38 
1336 	 38 
1337 	 67 
1338 	 67 
1339 	 67 
1340 	 67 
1341 	 71 
1342 	 43 
1343 	 67 
1344 	 70 
1345 	 36 
1346 	 40 
1347 	 67 
1348 	 67 
1349 	 67 
1350 	 67 
1351 	 67 
1352 	 38 
1353 	 81 
1354 	 65 
1355 	 38 
1356 	 67 
1357 	 41 
1358 	 42 
1359 	 42 
1360 	 67 
1361 	 72 
1362 	 43 
1363 	 38 
1364 	 67 
1365 	 38 
1366 	 41 
1367 	 67 
1368 	 67 
1369 	 38 
1370 	 67 
1371 	 65 
1372 	 43 
1373 	 67 
1374 	 38 
1375 	 51 
1376 	 43 
1377 	 45 
1378 	 84 
1379 	 74 
1380 	 65 
1381 	 67 
1382 	 76 
1383 	 55 
1384 	 38 
1385 	 38 
1386 	 67 
1387 	 45 
1388 	 59 
1389 	 67 
1390 	 67 
1391 	 38 
1392 	 67 
1393 	 67 
1394 	 67 
1395 	 55 
1396 	 54 
1397 	 62 
1398 	 67 
1399 	 67 
1400 	 78 
1401 	 40 
1402 	 76 
1403 	 38 
1404 	 86 
1405 	 86 
1406 	 67 
1407 	 67 
1408 	 62 
1409 	 67 
1410 	 50 
1411 	 67 
1412 	 67 
1413 	 67 
1414 	 38 
1415 	 67 
1416 	 67 
1417 	 74 
1418 	 67 
1419 	 67 
1420 	 38 
1421 	 67 
1422 	 55 
1423 	 43 
1424 	 43 
1425 	 67 
1426 	 67 
1427 	 76 
1428 	 55 
1429 	 54 
1430 	 78 
1431 	 67 
1432 	 59 
1433 	 59 
1434 	 43 
1435 	 67 
1436 	 86 
1437 	 67 
1438 	 76 
1439 	 76 
1440 	 86 
1441 	 67 
1442 	 67 
1443 	 43 
1444 	 80 
1445 	 67 
1446 	 67 
1447 	 66 
1448 	 67 
1449 	 38 
1450 	 38 
1451 	 38 
1452 	 67 
1453 	 67 
1454 	 67 
1455 	 67 
1456 	 55 
1457 	 43 
1458 	 67 
1459 	 67 
1460 	 67 
1461 	 55 
1462 	 67 
1463 	 54 
1464 	 43 
1465 	 54 
1466 	 59 
1467 	 76 
1468 	 67 
1469 	 38 
1470 	 67 
1471 	 67 
1472 	 43 
1473 	 43 
1474 	 38 
1475 	 67 
1476 	 36 
1477 	 51 
1478 	 55 
1479 	 76 
1480 	 59 
1481 	 78 
1482 	 36 
1483 	 67 
1484 	 67 
1485 	 38 
1486 	 67 
1487 	 65 
1488 	 38 
1489 	 67 
1490 	 67 
1491 	 67 
1492 	 67 
1493 	 65 
1494 	 36 
1495 	 40 
1496 	 70 
1497 	 86 
1498 	 78 
1499 	 41 
1500 	 54 
1501 	 81 
1502 	 77 
1503 	 40 
1504 	 43 
1505 	 78 
1506 	 80 
1507 	 78 
1508 	 62 
1509 	 51 
1510 	 51 
1511 	 37 
1512 	 66 
1513 	 37 
1514 	 51 
1515 	 37 
1516 	 62 
1517 	 55 
1518 	 72 
1519 	 84 
1520 	 76 
1521 	 72 
1522 	 81 
1523 	 38 
1524 	 43 
1525 	 76 
1526 	 78 
1527 	 62 
1528 	 76 
1529 	 76 
1530 	 74 
1531 	 55 
1532 	 76 
1533 	 76 
1534 	 43 
1535 	 43 
1536 	 76 
1537 	 43 
1538 	 76 
1539 	 38 
1540 	 38 
1541 	 78 
1542 	 48 
1543 	 48 
1544 	 76 
1545 	 54 
1546 	 48 
1547 	 43 
1548 	 48 
1549 	 48 
1550 	 48 
1551 	 48 
1552 	 80 
1553 	 72 
1554 	 48 
1555 	 43 
1556 	 81 
1557 	 36 
1558 	 62 
1559 	 59 
1560 	 62 
1561 	 43 
1562 	 62 
1563 	 66 
1564 	 71 
1565 	 51 
1566 	 62 
1567 	 84 
1568 	 55 
1569 	 66 
1570 	 76 
1571 	 65 
1572 	 62 
1573 	 66 
1574 	 43 
1575 	 38 
1576 	 62 
1577 	 62 
1578 	 43 
1579 	 51 
1580 	 62 
1581 	 65 
1582 	 66 
1583 	 71 
1584 	 62 
1585 	 59 
1586 	 55 
1587 	 86 
1588 	 62 
1589 	 62 
1590 	 62 
1591 	 65 
1592 	 43 
1593 	 76 
1594 	 76 
1595 	 36 
1596 	 43 
1597 	 84 
1598 	 84 
1599 	 65 
1600 	 81 
1601 	 81 
1602 	 65 
1603 	 43 
1604 	 51 
1605 	 84 
1606 	 55 
1607 	 76 
1608 	 59 
1609 	 65 
1610 	 43 
1611 	 43 
1612 	 84 
1613 	 51 
1614 	 40 
1615 	 81 
1616 	 65 
1617 	 45 
1618 	 84 
1619 	 84 
1620 	 84 
1621 	 84 
1622 	 84 
1623 	 43 
1624 	 38 
1625 	 65 
1626 	 84 
1627 	 65 
1628 	 65 
1629 	 51 
1630 	 51 
1631 	 65 
1632 	 43 
1633 	 84 
1634 	 42 
1635 	 84 
1636 	 70 
1637 	 84 
1638 	 55 
1639 	 84 
1640 	 81 
1641 	 43 
1642 	 51 
1643 	 84 
1644 	 84 
1645 	 70 
1646 	 38 
1647 	 84 
1648 	 55 
1649 	 65 
1650 	 52 
1651 	 38 
1652 	 84 
1653 	 84 
1654 	 84 
1655 	 51 
1656 	 84 
1657 	 84 
1658 	 84 
1659 	 86 
1660 	 66 
1661 	 86 
1662 	 43 
1663 	 84 
1664 	 51 
1665 	 38 
1666 	 62 
1667 	 84 
1668 	 38 
1669 	 65 
1670 	 51 
1671 	 84 
1672 	 84 
1673 	 84 
1674 	 55 
1675 	 65 
1676 	 40 
1677 	 84 
1678 	 62 
1679 	 84 
1680 	 65 
1681 	 65 
1682 	 51 
1683 	 86 
1684 	 50 
1685 	 65 
1686 	 65 
1687 	 86 
1688 	 51 
1689 	 81 
1690 	 36 
1691 	 40 
1692 	 84 
1693 	 43 
1694 	 43 
1695 	 43 
1696 	 51 
1697 	 84 
1698 	 43 
1699 	 65 
1700 	 66 
1701 	 80 
1702 	 70 
1703 	 40 
1704 	 80 
1705 	 38 
1706 	 52 
1707 	 70 
1708 	 70 
1709 	 80 
1710 	 43 
1711 	 55 
1712 	 66 
1713 	 38 
1714 	 55 
1715 	 70 
1716 	 76 
1717 	 70 
1718 	 55 
1719 	 43 
1720 	 70 
1721 	 55 
1722 	 81 
1723 	 70 
1724 	 70 
1725 	 70 
1726 	 70 
1727 	 59 
1728 	 62 
1729 	 66 
1730 	 70 
1731 	 36 
1732 	 51 
1733 	 36 
1734 	 70 
1735 	 80 
1736 	 43 
1737 	 72 
1738 	 71 
1739 	 38 
1740 	 76 
1741 	 66 
1742 	 38 
1743 	 76 
1744 	 70 
1745 	 76 
1746 	 43 
1747 	 70 
1748 	 38 
1749 	 38 
1750 	 43 
1751 	 70 
1752 	 66 
1753 	 70 
1754 	 70 
1755 	 51 
1756 	 76 
1757 	 76 
1758 	 52 
1759 	 76 
1760 	 59 
1761 	 70 
1762 	 55 
1763 	 70 
1764 	 59 
1765 	 56 
1766 	 66 
1767 	 81 
1768 	 81 
1769 	 70 
1770 	 66 
1771 	 70 
1772 	 55 
1773 	 40 
1774 	 59 
1775 	 55 
1776 	 70 
1777 	 81 
1778 	 43 
1779 	 43 
1780 	 59 
1781 	 76 
1782 	 70 
1783 	 66 
1784 	 36 
1785 	 70 
1786 	 76 
1787 	 38 
1788 	 54 
1789 	 70 
1790 	 70 
1791 	 70 
1792 	 54 
1793 	 70 
1794 	 66 
1795 	 70 
1796 	 59 
1797 	 70 
1798 	 48 
1799 	 38 
1800 	 59 
1801 	 76 
1802 	 43 
1803 	 43 
1804 	 66 
1805 	 70 
1806 	 43 
1807 	 38 
1808 	 70 
1809 	 70 
1810 	 70 
1811 	 70 
1812 	 70 
1813 	 43 
1814 	 55 
1815 	 70 
1816 	 70 
1817 	 76 
1818 	 70 
1819 	 36 
1820 	 70 
1821 	 50 
1822 	 55 
1823 	 66 
1824 	 51 
1825 	 38 
1826 	 43 
1827 	 70 
1828 	 59 
1829 	 38 
1830 	 59 
1831 	 43 
1832 	 38 
1833 	 70 
1834 	 72 
1835 	 70 
1836 	 55 
1837 	 70 
1838 	 65 
1839 	 70 
1840 	 40 
1841 	 55 
1842 	 65 
1843 	 55 
1844 	 55 
1845 	 55 
1846 	 51 
1847 	 38 
1848 	 65 
1849 	 55 
1850 	 55 
1851 	 74 
1852 	 55 
1853 	 55 
1854 	 55 
1855 	 55 
1856 	 55 
1857 	 65 
1858 	 55 
1859 	 55 
1860 	 55 
1861 	 55 
1862 	 55 
1863 	 52 
1864 	 55 
1865 	 55 
1866 	 81 
1867 	 55 
1868 	 55 
1869 	 55 
1870 	 55 
1871 	 38 
1872 	 55 
1873 	 55 
1874 	 55 
1875 	 55 
1876 	 55 
1877 	 38 
1878 	 51 
1879 	 55 
1880 	 55 
1881 	 55 
1882 	 55 
1883 	 55 
1884 	 55 
1885 	 55 
1886 	 38 
1887 	 55 
1888 	 55 
1889 	 51 
1890 	 57 
1891 	 55 
1892 	 55 
1893 	 42 
1894 	 55 
1895 	 55 
1896 	 55 
1897 	 55 
1898 	 55 
1899 	 55 
1900 	 55 
1901 	 55 
1902 	 55 
1903 	 59 
1904 	 55 
1905 	 55 
1906 	 38 
1907 	 55 
1908 	 55 
1909 	 38 
1910 	 55 
1911 	 43 
1912 	 55 
1913 	 55 
1914 	 51 
1915 	 38 
1916 	 43 
1917 	 55 
1918 	 55 
1919 	 55 
1920 	 55 
1921 	 65 
1922 	 55 
1923 	 55 
1924 	 55 
1925 	 55 
1926 	 55 
1927 	 55 
1928 	 55 
1929 	 55 
1930 	 65 
1931 	 65 
1932 	 55 
1933 	 55 
1934 	 55 
1935 	 55 
1936 	 55 
1937 	 55 
1938 	 55 
1939 	 55 
1940 	 55 
1941 	 55 
1942 	 38 
1943 	 43 
1944 	 74 
1945 	 43 
1946 	 55 
1947 	 55 
1948 	 38 
1949 	 38 
1950 	 55 
1951 	 55 
1952 	 55 
1953 	 38 
1954 	 55 
1955 	 55 
1956 	 55 
1957 	 55 
1958 	 55 
1959 	 55 
1960 	 55 
1961 	 55 
1962 	 55 
1963 	 55 
1964 	 55 
1965 	 55 
1966 	 55 
1967 	 38 
1968 	 55 
1969 	 43 
1970 	 55 
1971 	 55 
1972 	 55 
1973 	 55 
1974 	 43 
1975 	 55 
1976 	 55 
1977 	 57 
1978 	 65 
1979 	 55 
1980 	 55 
1981 	 55 
1982 	 55 
1983 	 55 
1984 	 55 
1985 	 55 
1986 	 43 
1987 	 36 
1988 	 36 
1989 	 71 
1990 	 81 
1991 	 36 
1992 	 36 
1993 	 36 
1994 	 86 
1995 	 36 
1996 	 36 
1997 	 36 
1998 	 36 
1999 	 38 
2000 	 86 
2001 	 36 
2002 	 36 
2003 	 36 
2004 	 36 
2005 	 36 
2006 	 36 
2007 	 36 
2008 	 36 
2009 	 59 
2010 	 36 
2011 	 57 
2012 	 36 
2013 	 51 
2014 	 36 
2015 	 59 
2016 	 36 
2017 	 36 
2018 	 36 
2019 	 36 
2020 	 43 
2021 	 36 
2022 	 43 
2023 	 36 
2024 	 36 
2025 	 36 
2026 	 36 
2027 	 38 
2028 	 36 
2029 	 36 
2030 	 36 
2031 	 51 
2032 	 43 
2033 	 86 
2034 	 36 
2035 	 57 
2036 	 36 
2037 	 36 
2038 	 36 
2039 	 36 
2040 	 36 
2041 	 36 
2042 	 36 
2043 	 59 
2044 	 38 
2045 	 43 
2046 	 59 
2047 	 74 
2048 	 45 
2049 	 71 
2050 	 71 
2051 	 78 
2052 	 42 
2053 	 78 
2054 	 78 
2055 	 74 
2056 	 45 
2057 	 45 
2058 	 59 
2059 	 54 
2060 	 38 
2061 	 74 
2062 	 78 
2063 	 72 
2064 	 78 
2065 	 43 
2066 	 78 
2067 	 54 
2068 	 59 
2069 	 62 
2070 	 45 
2071 	 86 
2072 	 78 
2073 	 43 
2074 	 78 
2075 	 78 
2076 	 86 
2077 	 43 
2078 	 78 
2079 	 78 
2080 	 78 
2081 	 43 
2082 	 78 
2083 	 78 
2084 	 78 
2085 	 81 
2086 	 54 
2087 	 78 
2088 	 43 
2089 	 38 
2090 	 74 
2091 	 45 
2092 	 78 
2093 	 38 
2094 	 59 
2095 	 78 
2096 	 71 
2097 	 66 
2098 	 66 
2099 	 65 
2100 	 66 
2101 	 65 
2102 	 65 
2103 	 66 
2104 	 66 
2105 	 66 
2106 	 81 
2107 	 66 
2108 	 59 
2109 	 66 
2110 	 65 
2111 	 38 
2112 	 43 
2113 	 66 
2114 	 66 
2115 	 66 
2116 	 38 
2117 	 66 
2118 	 66 
2119 	 45 
2120 	 59 
2121 	 78 
2122 	 40 
2123 	 66 
2124 	 81 
2125 	 76 
2126 	 43 
2127 	 43 
2128 	 66 
2129 	 59 
2130 	 43 
2131 	 51 
2132 	 43 
2133 	 66 
2134 	 65 
2135 	 66 
2136 	 65 
2137 	 76 
2138 	 43 
2139 	 66 
2140 	 59 
2141 	 42 
2142 	 43 
2143 	 43 
2144 	 77 
2145 	 77 
2146 	 77 
2147 	 77 
2148 	 77 
2149 	 77 
2150 	 77 
2151 	 50 
2152 	 77 
2153 	 38 
2154 	 77 
2155 	 77 
2156 	 77 
2157 	 77 
2158 	 76 
2159 	 72 
2160 	 77 
2161 	 43 
2162 	 77 
2163 	 43 
2164 	 43 
2165 	 77 
2166 	 81 
2167 	 43 
2168 	 72 
2169 	 36 
2170 	 59 
2171 	 71 
2172 	 72 
2173 	 43 
2174 	 86 
2175 	 43 
2176 	 74 
2177 	 43 
2178 	 76 
2179 	 48 
2180 	 59 
2181 	 76 
2182 	 59 
2183 	 45 
2184 	 76 
2185 	 76 
2186 	 38 
2187 	 50 
2188 	 76 
2189 	 65 
2190 	 38 
2191 	 76 
2192 	 76 
2193 	 81 
2194 	 43 
2195 	 74 
2196 	 81 
2197 	 76 
2198 	 76 
2199 	 81 
2200 	 59 
2201 	 43 
2202 	 76 
2203 	 76 
2204 	 76 
2205 	 76 
2206 	 65 
2207 	 51 
2208 	 76 
2209 	 76 
2210 	 81 
2211 	 76 
2212 	 76 
2213 	 76 
2214 	 86 
2215 	 86 
2216 	 71 
2217 	 86 
2218 	 71 
2219 	 72 
2220 	 43 
2221 	 86 
2222 	 86 
2223 	 65 
2224 	 71 
2225 	 86 
2226 	 42 
2227 	 86 
2228 	 65 
2229 	 86 
2230 	 51 
2231 	 86 
2232 	 59 
2233 	 43 
2234 	 86 
2235 	 86 
2236 	 86 
2237 	 43 
2238 	 71 
2239 	 70 
2240 	 45 
2241 	 86 
2242 	 59 
2243 	 38 
2244 	 86 
2245 	 86 
2246 	 86 
2247 	 86 
2248 	 72 
2249 	 52 
2250 	 86 
2251 	 86 
2252 	 86 
2253 	 86 
2254 	 86 
2255 	 72 
2256 	 81 
2257 	 86 
2258 	 86 
2259 	 43 
2260 	 86 
2261 	 59 
2262 	 86 
2263 	 86 
2264 	 38 
2265 	 78 
2266 	 59 
2267 	 78 
2268 	 78 
2269 	 59 
2270 	 51 
2271 	 59 
2272 	 78 
2273 	 80 
2274 	 78 
2275 	 59 
2276 	 59 
2277 	 59 
2278 	 59 
2279 	 59 
2280 	 59 
2281 	 43 
2282 	 65 
2283 	 43 
2284 	 43 
2285 	 59 
2286 	 59 
2287 	 59 
2288 	 59 
2289 	 59 
2290 	 59 
2291 	 59 
2292 	 59 
2293 	 59 
2294 	 59 
2295 	 59 
2296 	 59 
2297 	 59 
2298 	 59 
2299 	 59 
2300 	 59 
2301 	 59 
2302 	 43 
2303 	 65 
2304 	 65 
2305 	 59 
2306 	 59 
2307 	 65 
2308 	 43 
2309 	 59 
2310 	 59 
2311 	 59 
2312 	 59 
2313 	 59 
2314 	 65 
2315 	 59 
2316 	 65 
2317 	 65 
2318 	 65 
2319 	 59 
2320 	 59 
2321 	 43 
2322 	 65 
2323 	 59 
2324 	 59 
2325 	 59 
2326 	 59 
2327 	 59 
2328 	 59 
2329 	 59 
2330 	 59 
2331 	 59 
2332 	 59 
2333 	 59 
2334 	 45 
2335 	 59 
2336 	 43 
2337 	 65 
2338 	 59 
2339 	 43 
2340 	 59 
2341 	 59 
2342 	 59 
2343 	 70 
2344 	 59 
2345 	 59 
2346 	 74 
2347 	 59 
2348 	 59 
2349 	 59 
2350 	 65 
2351 	 65 
2352 	 59 
2353 	 54 
2354 	 59 
2355 	 59 
2356 	 59 
2357 	 59 
2358 	 59 
2359 	 65 
2360 	 59 
2361 	 59 
2362 	 71 
2363 	 43 
2364 	 86 
2365 	 71 
2366 	 86 
2367 	 86 
2368 	 43 
2369 	 86 
2370 	 86 
2371 	 59 
2372 	 59 
2373 	 59 
2374 	 59 
2375 	 59 
2376 	 50 
2377 	 59 
2378 	 38 
2379 	 59 
2380 	 59 
2381 	 59 
2382 	 59 
2383 	 62 
2384 	 81 
2385 	 62 
2386 	 62 
2387 	 62 
2388 	 62 
2389 	 62 
2390 	 62 
2391 	 62 
2392 	 62 
2393 	 62 
2394 	 62 
2395 	 62 
2396 	 62 
2397 	 62 
2398 	 43 
2399 	 81 
2400 	 74 
2401 	 71 
2402 	 62 
2403 	 71 
2404 	 62 
2405 	 43 
2406 	 62 
2407 	 62 
2408 	 65 
2409 	 81 
2410 	 65 
2411 	 51 
2412 	 81 
2413 	 81 
2414 	 71 
2415 	 81 
2416 	 81 
2417 	 81 
2418 	 71 
2419 	 50 
2420 	 81 
2421 	 45 
2422 	 50 
2423 	 50 
2424 	 50 
2425 	 50 
2426 	 50 
2427 	 72 
2428 	 81 
2429 	 50 
2430 	 50 
2431 	 50 
2432 	 50 
2433 	 38 
2434 	 43 
2435 	 50 
2436 	 45 
2437 	 81 
2438 	 50 
2439 	 42 
2440 	 50 
2441 	 43 
2442 	 50 
2443 	 52 
2444 	 50 
2445 	 71 
2446 	 70 
2447 	 43 
2448 	 70 
2449 	 70 
2450 	 70 
2451 	 72 
2452 	 70 
2453 	 72 
2454 	 65 
2455 	 70 
2456 	 43 
2457 	 62 
2458 	 62 
2459 	 62 
2460 	 43 
2461 	 51 
2462 	 43 
2463 	 62 
2464 	 62 
2465 	 51 
2466 	 51 
2467 	 62 
2468 	 80 
2469 	 71 
2470 	 80 
2471 	 43 
2472 	 80 
2473 	 80 
2474 	 80 
2475 	 80 
2476 	 43 
2477 	 43 
2478 	 80 
2479 	 71 
2480 	 80 
2481 	 80 
2482 	 80 
2483 	 43 
2484 	 65 
2485 	 43 
2486 	 72 
2487 	 72 
2488 	 51 
2489 	 72 
2490 	 72 
2491 	 71 
2492 	 43 
2493 	 43 
2494 	 81 
2495 	 43 
2496 	 43 
2497 	 43 
2498 	 52 
2499 	 72 
2500 	 72 
2501 	 54 
2502 	 54 
2503 	 81 
2504 	 54 
2505 	 45 
2506 	 72 
2507 	 65 
2508 	 71 
2509 	 54 
2510 	 71 
2511 	 51 
2512 	 51 
2513 	 72 
2514 	 43 
2515 	 54 
2516 	 72 
2517 	 71 
2518 	 45 
2519 	 45 
2520 	 43 
2521 	 65 
2522 	 54 
2523 	 71 
2524 	 43 
2525 	 74 
2526 	 65 
2527 	 71 
2528 	 54 
2529 	 71 
2530 	 65 
2531 	 54 
2532 	 52 
2533 	 54 
2534 	 74 
2535 	 65 
2536 	 71 
2537 	 65 
2538 	 71 
2539 	 72 
2540 	 71 
2541 	 51 
2542 	 71 
2543 	 54 
2544 	 72 
2545 	 65 
2546 	 52 
2547 	 54 
2548 	 72 
2549 	 71 
2550 	 71 
2551 	 71 
2552 	 45 
2553 	 54 
2554 	 72 
2555 	 65 
2556 	 45 
2557 	 71 
2558 	 54 
2559 	 71 
2560 	 43 
2561 	 54 
2562 	 43 
2563 	 43 
2564 	 65 
2565 	 72 
2566 	 54 
2567 	 54 
2568 	 72 
2569 	 71 
2570 	 45 
2571 	 72 
2572 	 43 
2573 	 43 
2574 	 71 
2575 	 52 
2576 	 54 
2577 	 43 
2578 	 71 
2579 	 51 
2580 	 65 
2581 	 45 
2582 	 43 
2583 	 72 
2584 	 71 
2585 	 54 
2586 	 74 
2587 	 71 
2588 	 72 
2589 	 81 
2590 	 43 
2591 	 45 
2592 	 72 
2593 	 51 
2594 	 54 
2595 	 71 
2596 	 43 
2597 	 71 
2598 	 54 
2599 	 52 
2600 	 51 
2601 	 74 
2602 	 54 
2603 	 74 
2604 	 74 
2605 	 81 
2606 	 54 
2607 	 54 
2608 	 51 
2609 	 43 
2610 	 45 
2611 	 43 
2612 	 71 
2613 	 54 
2614 	 43 
2615 	 65 
2616 	 81 
2617 	 43 
2618 	 45 
2619 	 54 
2620 	 51 
2621 	 43 
2622 	 65 
2623 	 43 
2624 	 71 
2625 	 81 
2626 	 81 
2627 	 54 
2628 	 54 
2629 	 74 
2630 	 52 
2631 	 54 
2632 	 71 
2633 	 65 
2634 	 43 
2635 	 52 
2636 	 54 
2637 	 45 
2638 	 71 
2639 	 71 
2640 	 51 
2641 	 71 
2642 	 54 
2643 	 54 
2644 	 52 
2645 	 72 
2646 	 71 
2647 	 43 
2648 	 45 
2649 	 71 
2650 	 65 
2651 	 71 
2652 	 51 
2653 	 45 
2654 	 72 
2655 	 72 
2656 	 71 
2657 	 45 
2658 	 71 
2659 	 43 
2660 	 74 
2661 	 45 
2662 	 52 
2663 	 71 
2664 	 71 
2665 	 52 
2666 	 45 
2667 	 71 
2668 	 71 
2669 	 43 
2670 	 74 
2671 	 71 
2672 	 43 
2673 	 43 
2674 	 43 
2675 	 71 
2676 	 71 
2677 	 65 
2678 	 54 
2679 	 71 
2680 	 72 
2681 	 72 
2682 	 65 
2683 	 65 
2684 	 43 
2685 	 65 
2686 	 71 
2687 	 74 
2688 	 71 
2689 	 71 
2690 	 71 
2691 	 51 
2692 	 71 
2693 	 71 
2694 	 71 
2695 	 71 
2696 	 43 
2697 	 43 
2698 	 72 
2699 	 43 
2700 	 43 
2701 	 43 
2702 	 52 
2703 	 43 
2704 	 59 
2705 	 43 
2706 	 72 
2707 	 65 
2708 	 43 
2709 	 43 
2710 	 43 
2711 	 43 
2712 	 43 
2713 	 43 
2714 	 43 
2715 	 43 
2716 	 52 
2717 	 43 
2718 	 43 
2719 	 43 
2720 	 43 
2721 	 81 
2722 	 59 
2723 	 43 
2724 	 43 
2725 	 52 
2726 	 72 
2727 	 43 
2728 	 43 
2729 	 43 
2730 	 43 
2731 	 43 
2732 	 43 
2733 	 51 
2734 	 43 
2735 	 43 
2736 	 43 
2737 	 43 
2738 	 43 
2739 	 43 
2740 	 43 
2741 	 74 
2742 	 43 
2743 	 43 
2744 	 43 
2745 	 43 
2746 	 81 
2747 	 43 
2748 	 43 
2749 	 43 
2750 	 43 
2751 	 43 
2752 	 43 
2753 	 43 
2754 	 43 
2755 	 43 
2756 	 43 
2757 	 43 
2758 	 51 
2759 	 43 
2760 	 43 
2761 	 43 
2762 	 43 
2763 	 43 
2764 	 43 
2765 	 43 
2766 	 51 
2767 	 43 
2768 	 43 
2769 	 43 
2770 	 52 
2771 	 43 
2772 	 51 
2773 	 45 
2774 	 43 
2775 	 43 
2776 	 43 
2777 	 52 
2778 	 43 
2779 	 81 
2780 	 43 
2781 	 43 
2782 	 43 
2783 	 43 
2784 	 52 
2785 	 43 
2786 	 43 
2787 	 65 
2788 	 43 
2789 	 43 
2790 	 43 
2791 	 43 
2792 	 43 
2793 	 43 
2794 	 43 
2795 	 43 
2796 	 81 
2797 	 43 
2798 	 43 
2799 	 43 
2800 	 51 
2801 	 43 
2802 	 43 
2803 	 65 
2804 	 43 
2805 	 43 
2806 	 43 
2807 	 43 
2808 	 43 
2809 	 43 
2810 	 72 
2811 	 43 
2812 	 43 
2813 	 43 
2814 	 81 
2815 	 43 
2816 	 52 
2817 	 43 
2818 	 43 
2819 	 72 
2820 	 43 
2821 	 72 
2822 	 72 
2823 	 43 
2824 	 45 
2825 	 43 
2826 	 43 
2827 	 43 
2828 	 43 
2829 	 43 
2830 	 65 
2831 	 51 
2832 	 43 
2833 	 43 
2834 	 43 
2835 	 43 
2836 	 43 
2837 	 43 
2838 	 52 
2839 	 43 
2840 	 43 
2841 	 43 
2842 	 43 
2843 	 43 
2844 	 43 
2845 	 43 
2846 	 43 
2847 	 72 
2848 	 43 
2849 	 43 
2850 	 43 
2851 	 43 
2852 	 43 
2853 	 43 
2854 	 43 
2855 	 43 
2856 	 43 
2857 	 43 
2858 	 43 
2859 	 43 
2860 	 43 
2861 	 43 
2862 	 43 
2863 	 43 
2864 	 43 
2865 	 43 
2866 	 43 
2867 	 43 
2868 	 43 
2869 	 43 
2870 	 43 
2871 	 43 
2872 	 43 
2873 	 43 
2874 	 43 
2875 	 43 
2876 	 43 
2877 	 43 
2878 	 43 
2879 	 43 
2880 	 43 
2881 	 43 
2882 	 52 
2883 	 43 
2884 	 43 
2885 	 43 
2886 	 43 
2887 	 51 
2888 	 43 
2889 	 43 
2890 	 51 
2891 	 51 
2892 	 43 
2893 	 81 
2894 	 51 
2895 	 43 
2896 	 43 
2897 	 43 
2898 	 43 
2899 	 43 
2900 	 52 
2901 	 43 
2902 	 43 
2903 	 51 
2904 	 43 
2905 	 45 
2906 	 43 
2907 	 43 
2908 	 43 
2909 	 81 
2910 	 51 
2911 	 43 
2912 	 43 
2913 	 43 
2914 	 43 
2915 	 51 
2916 	 43 
2917 	 43 
2918 	 52 
2919 	 43 
2920 	 43 
2921 	 43 
2922 	 72 
2923 	 43 
2924 	 43 
2925 	 81 
2926 	 43 
2927 	 43 
2928 	 43 
2929 	 65 
2930 	 43 
2931 	 43 
2932 	 43 
2933 	 52 
2934 	 43 
2935 	 43 
2936 	 43 
2937 	 51 
2938 	 72 
2939 	 51 
2940 	 43 
2941 	 43 
2942 	 43 
2943 	 43 
2944 	 65 
2945 	 43 
2946 	 43 
2947 	 43 
2948 	 43 
2949 	 43 
2950 	 65 
2951 	 43 
2952 	 52 
2953 	 81 
2954 	 65 
2955 	 43 
2956 	 43 
2957 	 43 
2958 	 43 
2959 	 43 
2960 	 51 
2961 	 65 
2962 	 43 
2963 	 43 
2964 	 72 
2965 	 52 
2966 	 43 
2967 	 43 
2968 	 43 
2969 	 43 
2970 	 52 
2971 	 43 
2972 	 43 
2973 	 72 
2974 	 72 
2975 	 72 
2976 	 72 
2977 	 71 
2978 	 71 
2979 	 71 
2980 	 51 
2981 	 71 
2982 	 71 
2983 	 71 
2984 	 51 
2985 	 51 
2986 	 71 
2987 	 71 
2988 	 71 
2989 	 71 
2990 	 71 
2991 	 81 
2992 	 71 
2993 	 51 
2994 	 81 
2995 	 71 
2996 	 51 
2997 	 71 
2998 	 71 
2999 	 81 
3000 	 81 
3001 	 81 
3002 	 81 
3003 	 72 
3004 	 72 
3005 	 81 
3006 	 81 
3007 	 81 
3008 	 81 
3009 	 45 
3010 	 51 
3011 	 81 
3012 	 81 
3013 	 51 
3014 	 81 
3015 	 72 
3016 	 51 
3017 	 51 
3018 	 51 
3019 	 51 
3020 	 51 
3021 	 51 
3022 	 51 
3023 	 51 
3024 	 51 
3025 	 51 
3026 	 51 
3027 	 51 
3028 	 51 
3029 	 51 
3030 	 51 
3031 	 51 
3032 	 51 
3033 	 51 
3034 	 51 
3035 	 51 
3036 	 51 
3037 	 51 
3038 	 51 
3039 	 51 
3040 	 51 
3041 	 51 
3042 	 51 
3043 	 51 
3044 	 51 
3045 	 51 
3046 	 51 
3047 	 51 
3048 	 51 
3049 	 51 
3050 	 51 
3051 	 51 
3052 	 51 
3053 	 51 
3054 	 51 
3055 	 51 
3056 	 51 
3057 	 51 
3058 	 51 
3059 	 51 
3060 	 51 
3061 	 51 
3062 	 51 
3063 	 51 
3064 	 51 
3065 	 51 
3066 	 51 
3067 	 51 
3068 	 51 
3069 	 51 
3070 	 51 
3071 	 51 
3072 	 51 
3073 	 51 
3074 	 51 
3075 	 51 
3076 	 51 
3077 	 51 
3078 	 51 
3079 	 51 
3080 	 51 
3081 	 51 
3082 	 51 
3083 	 51 
3084 	 51 
3085 	 51 
3086 	 51 
3087 	 51 
3088 	 51 
3089 	 51 
3090 	 51 
3091 	 51 
3092 	 51 
3093 	 51 
3094 	 51 
3095 	 51 
3096 	 51 
3097 	 51 
3098 	 51 
3099 	 51 
3100 	 51 
3101 	 51 
3102 	 72 
3103 	 81 
3104 	 81 
3105 	 81 
3106 	 81 
3107 	 81 
3108 	 52 
3109 	 52 
3110 	 52 
3111 	 52 
3112 	 52 
3113 	 52 
3114 	 52 
3115 	 52 
3116 	 52 
3117 	 52 
3118 	 52 
3119 	 52 
3120 	 52 
3121 	 52 
3122 	 72 
3123 	 52 
3124 	 81 
3125 	 72 
3126 	 52 
3127 	 52 
3128 	 52 
3129 	 52 
3130 	 52 
3131 	 52 
3132 	 72 
3133 	 52 
3134 	 52 
3135 	 72 
3136 	 52 
3137 	 52 
3138 	 52 
3139 	 59 
3140 	 59 
3141 	 59 
3142 	 81 
3143 	 72 
3144 	 72 
3145 	 81 
3146 	 81 
3147 	 81 
3148 	 81 
3149 	 72 
3150 	 81 
3151 	 81 
3152 	 48 
3153 	 81 
3154 	 81 
3155 	 81 
3156 	 81 
3157 	 72 
3158 	 81 
3159 	 81 
3160 	 81 
3161 	 81 
3162 	 81 
3163 	 81 
3164 	 81 
3165 	 81 
3166 	 81 
3167 	 81 
3168 	 81 
3169 	 81 
3170 	 81 
3171 	 81 
3172 	 48 
3173 	 48 
3174 	 48 
3175 	 48 
3176 	 48 
3177 	 45 
3178 	 72 
3179 	 45 
3180 	 45 
3181 	 45 
3182 	 45 
3183 	 45 
3184 	 45 
3185 	 45 
3186 	 72 
3187 	 72 
3188 	 72 
3189 	 72 
3190 	 72 
3191 	 72 
3192 	 72 
3193 	 72 
3194 	 72 
3195 	 72 
3196 	 72 
3197 	 72 
3198 	 72 
3199 	 72 
3200 	 72 
3201 	 72 
3202 	 72 
