0 	 0 
1 	 0 
2 	 1 
3 	 2 
4 	 0 
5 	 1 
6 	 0 
7 	 0 
8 	 3 
9 	 0 
10 	 1 
11 	 2 
12 	 3 
13 	 4 
14 	 0 
15 	 5 
16 	 1 
17 	 3 
18 	 0 
19 	 0 
20 	 2 
21 	 1 
22 	 0 
23 	 0 
24 	 5 
25 	 6 
26 	 4 
27 	 0 
28 	 2 
29 	 1 
30 	 1 
31 	 4 
32 	 2 
33 	 5 
34 	 0 
35 	 4 
36 	 5 
37 	 4 
38 	 0 
39 	 6 
40 	 6 
41 	 4 
42 	 1 
43 	 0 
44 	 2 
45 	 7 
46 	 7 
47 	 8 
48 	 9 
49 	 6 
50 	 9 
51 	 6 
52 	 6 
53 	 6 
54 	 1 
55 	 9 
56 	 4 
57 	 6 
58 	 6 
59 	 6 
60 	 1 
61 	 9 
62 	 9 
63 	 10 
64 	 11 
65 	 12 
66 	 12 
67 	 13 
68 	 12 
69 	 14 
70 	 15 
71 	 16 
72 	 12 
73 	 14 
74 	 14 
75 	 12 
76 	 11 
77 	 17 
78 	 11 
79 	 14 
80 	 18 
81 	 18 
82 	 16 
83 	 11 
84 	 16 
85 	 14 
86 	 11 
87 	 18 
88 	 14 
89 	 10 
90 	 19 
91 	 20 
92 	 16 
93 	 14 
94 	 18 
95 	 20 
96 	 12 
97 	 18 
98 	 11 
99 	 11 
100 	 17 
101 	 15 
102 	 16 
103 	 18 
104 	 19 
105 	 11 
106 	 10 
107 	 18 
108 	 15 
109 	 20 
110 	 11 
111 	 15 
112 	 12 
113 	 12 
114 	 10 
115 	 18 
116 	 11 
117 	 13 
118 	 11 
119 	 18 
120 	 11 
121 	 11 
122 	 15 
123 	 16 
124 	 10 
125 	 12 
126 	 13 
127 	 11 
128 	 11 
129 	 13 
130 	 18 
131 	 12 
132 	 17 
133 	 14 
134 	 13 
135 	 21 
136 	 14 
137 	 10 
138 	 12 
139 	 15 
140 	 18 
141 	 13 
142 	 12 
143 	 11 
144 	 18 
145 	 11 
146 	 11 
147 	 18 
148 	 12 
149 	 14 
150 	 14 
151 	 14 
152 	 14 
153 	 21 
154 	 14 
155 	 15 
156 	 22 
157 	 11 
158 	 12 
159 	 11 
160 	 18 
161 	 11 
162 	 11 
163 	 15 
164 	 20 
165 	 14 
166 	 20 
167 	 11 
168 	 16 
169 	 18 
170 	 16 
171 	 20 
172 	 18 
173 	 11 
174 	 12 
175 	 12 
176 	 18 
177 	 15 
178 	 15 
179 	 11 
180 	 14 
181 	 18 
182 	 22 
183 	 12 
184 	 15 
185 	 18 
186 	 11 
187 	 11 
188 	 12 
189 	 12 
190 	 12 
191 	 22 
192 	 11 
193 	 11 
194 	 18 
195 	 10 
196 	 20 
197 	 18 
198 	 18 
199 	 21 
200 	 15 
201 	 22 
202 	 11 
203 	 11 
204 	 12 
205 	 11 
206 	 15 
207 	 16 
208 	 12 
209 	 14 
210 	 20 
211 	 12 
212 	 18 
213 	 18 
214 	 12 
215 	 15 
216 	 15 
217 	 10 
218 	 11 
219 	 12 
220 	 15 
221 	 15 
222 	 20 
223 	 12 
224 	 21 
225 	 10 
226 	 13 
227 	 12 
228 	 11 
229 	 11 
230 	 17 
231 	 21 
232 	 12 
233 	 20 
234 	 11 
235 	 21 
236 	 16 
237 	 15 
238 	 10 
239 	 12 
240 	 21 
241 	 17 
242 	 17 
243 	 14 
244 	 10 
245 	 18 
246 	 14 
247 	 10 
248 	 18 
249 	 11 
250 	 21 
251 	 17 
252 	 11 
253 	 12 
254 	 15 
255 	 10 
256 	 12 
257 	 12 
258 	 11 
259 	 21 
260 	 14 
261 	 21 
262 	 18 
263 	 16 
264 	 20 
265 	 19 
266 	 12 
267 	 10 
268 	 12 
269 	 11 
270 	 20 
271 	 21 
272 	 15 
273 	 13 
274 	 12 
275 	 21 
276 	 18 
277 	 11 
278 	 15 
279 	 11 
280 	 18 
281 	 13 
282 	 12 
283 	 11 
284 	 20 
285 	 13 
286 	 18 
287 	 18 
288 	 12 
289 	 12 
290 	 10 
291 	 15 
292 	 12 
293 	 14 
294 	 12 
295 	 11 
296 	 16 
297 	 16 
298 	 11 
299 	 12 
300 	 12 
301 	 13 
302 	 15 
303 	 13 
304 	 12 
305 	 12 
306 	 19 
307 	 15 
308 	 15 
309 	 15 
310 	 13 
311 	 16 
312 	 12 
313 	 13 
314 	 20 
315 	 13 
316 	 16 
317 	 13 
318 	 16 
319 	 13 
320 	 15 
321 	 18 
322 	 16 
323 	 12 
324 	 16 
325 	 20 
326 	 11 
327 	 13 
328 	 16 
329 	 14 
330 	 13 
331 	 16 
332 	 13 
333 	 12 
334 	 18 
335 	 12 
336 	 13 
337 	 12 
338 	 20 
339 	 16 
340 	 16 
341 	 16 
342 	 14 
343 	 16 
344 	 13 
345 	 16 
346 	 16 
347 	 15 
348 	 16 
349 	 10 
350 	 15 
351 	 16 
352 	 12 
353 	 17 
354 	 16 
355 	 11 
356 	 12 
357 	 16 
358 	 13 
359 	 12 
360 	 16 
361 	 10 
362 	 16 
363 	 16 
364 	 12 
365 	 16 
366 	 16 
367 	 12 
368 	 12 
369 	 20 
370 	 20 
371 	 15 
372 	 18 
373 	 16 
374 	 16 
375 	 18 
376 	 15 
377 	 12 
378 	 12 
379 	 18 
380 	 13 
381 	 16 
382 	 18 
383 	 16 
384 	 13 
385 	 16 
386 	 12 
387 	 14 
388 	 13 
389 	 12 
390 	 10 
391 	 16 
392 	 12 
393 	 16 
394 	 16 
395 	 15 
396 	 15 
397 	 12 
398 	 16 
399 	 18 
400 	 16 
401 	 11 
402 	 22 
403 	 16 
404 	 13 
405 	 12 
406 	 12 
407 	 16 
408 	 10 
409 	 15 
410 	 16 
411 	 10 
412 	 16 
413 	 13 
414 	 13 
415 	 16 
416 	 12 
417 	 16 
418 	 13 
419 	 21 
420 	 13 
421 	 21 
422 	 12 
423 	 13 
424 	 21 
425 	 21 
426 	 15 
427 	 13 
428 	 21 
429 	 13 
430 	 21 
431 	 17 
432 	 17 
433 	 13 
434 	 11 
435 	 12 
436 	 16 
437 	 21 
438 	 16 
439 	 21 
440 	 11 
441 	 12 
442 	 22 
443 	 12 
444 	 21 
445 	 21 
446 	 16 
447 	 21 
448 	 13 
449 	 12 
450 	 21 
451 	 21 
452 	 20 
453 	 15 
454 	 21 
455 	 12 
456 	 21 
457 	 12 
458 	 21 
459 	 11 
460 	 15 
461 	 15 
462 	 21 
463 	 16 
464 	 15 
465 	 10 
466 	 14 
467 	 15 
468 	 21 
469 	 17 
470 	 13 
471 	 21 
472 	 12 
473 	 16 
474 	 21 
475 	 17 
476 	 21 
477 	 12 
478 	 12 
479 	 21 
480 	 14 
481 	 15 
482 	 12 
483 	 15 
484 	 21 
485 	 12 
486 	 10 
487 	 11 
488 	 21 
489 	 12 
490 	 17 
491 	 12 
492 	 16 
493 	 20 
494 	 15 
495 	 21 
496 	 12 
497 	 12 
498 	 21 
499 	 17 
500 	 12 
501 	 11 
502 	 21 
503 	 12 
504 	 12 
505 	 14 
506 	 21 
507 	 14 
508 	 21 
509 	 12 
510 	 10 
511 	 12 
512 	 21 
513 	 22 
514 	 21 
515 	 15 
516 	 21 
517 	 12 
518 	 18 
519 	 21 
520 	 21 
521 	 10 
522 	 15 
523 	 12 
524 	 21 
525 	 21 
526 	 12 
527 	 21 
528 	 17 
529 	 17 
530 	 13 
531 	 13 
532 	 21 
533 	 12 
534 	 15 
535 	 21 
536 	 21 
537 	 15 
538 	 10 
539 	 10 
540 	 21 
541 	 18 
542 	 14 
543 	 14 
544 	 21 
545 	 10 
546 	 21 
547 	 21 
548 	 17 
549 	 14 
550 	 12 
551 	 20 
552 	 21 
553 	 21 
554 	 21 
555 	 15 
556 	 21 
557 	 17 
558 	 16 
559 	 15 
560 	 12 
561 	 21 
562 	 15 
563 	 21 
564 	 12 
565 	 14 
566 	 21 
567 	 12 
568 	 11 
569 	 17 
570 	 21 
571 	 11 
572 	 14 
573 	 18 
574 	 21 
575 	 21 
576 	 12 
577 	 22 
578 	 21 
579 	 13 
580 	 16 
581 	 16 
582 	 16 
583 	 13 
584 	 13 
585 	 16 
586 	 13 
587 	 14 
588 	 11 
589 	 14 
590 	 15 
591 	 21 
592 	 15 
593 	 12 
594 	 16 
595 	 10 
596 	 12 
597 	 16 
598 	 22 
599 	 12 
600 	 12 
601 	 17 
602 	 16 
603 	 12 
604 	 14 
605 	 22 
606 	 21 
607 	 15 
608 	 12 
609 	 10 
610 	 14 
611 	 10 
612 	 11 
613 	 11 
614 	 11 
615 	 20 
616 	 11 
617 	 11 
618 	 12 
619 	 11 
620 	 14 
621 	 11 
622 	 15 
623 	 10 
624 	 13 
625 	 11 
626 	 11 
627 	 21 
628 	 14 
629 	 10 
630 	 11 
631 	 11 
632 	 13 
633 	 12 
634 	 11 
635 	 12 
636 	 14 
637 	 11 
638 	 10 
639 	 13 
640 	 11 
641 	 15 
642 	 11 
643 	 11 
644 	 19 
645 	 22 
646 	 15 
647 	 12 
648 	 19 
649 	 11 
650 	 11 
651 	 20 
652 	 15 
653 	 20 
654 	 11 
655 	 12 
656 	 14 
657 	 10 
658 	 16 
659 	 11 
660 	 12 
661 	 10 
662 	 20 
663 	 22 
664 	 19 
665 	 11 
666 	 14 
667 	 15 
668 	 15 
669 	 13 
670 	 11 
671 	 21 
672 	 16 
673 	 12 
674 	 22 
675 	 17 
676 	 12 
677 	 12 
678 	 11 
679 	 19 
680 	 12 
681 	 15 
682 	 20 
683 	 13 
684 	 19 
685 	 11 
686 	 11 
687 	 10 
688 	 12 
689 	 11 
690 	 15 
691 	 11 
692 	 11 
693 	 22 
694 	 11 
695 	 13 
696 	 10 
697 	 20 
698 	 19 
699 	 22 
700 	 11 
701 	 13 
702 	 13 
703 	 22 
704 	 13 
705 	 19 
706 	 16 
707 	 13 
708 	 11 
709 	 12 
710 	 11 
711 	 13 
712 	 22 
713 	 17 
714 	 14 
715 	 15 
716 	 13 
717 	 12 
718 	 14 
719 	 10 
720 	 13 
721 	 12 
722 	 15 
723 	 19 
724 	 11 
725 	 12 
726 	 15 
727 	 19 
728 	 14 
729 	 11 
730 	 12 
731 	 13 
732 	 11 
733 	 11 
734 	 14 
735 	 12 
736 	 14 
737 	 21 
738 	 11 
739 	 14 
740 	 11 
741 	 13 
742 	 13 
743 	 12 
744 	 15 
745 	 13 
746 	 21 
747 	 11 
748 	 20 
749 	 15 
750 	 13 
751 	 14 
752 	 11 
753 	 15 
754 	 11 
755 	 12 
756 	 11 
757 	 11 
758 	 11 
759 	 21 
760 	 12 
761 	 11 
762 	 17 
763 	 11 
764 	 14 
765 	 12 
766 	 14 
767 	 11 
768 	 20 
769 	 11 
770 	 12 
771 	 15 
772 	 11 
773 	 12 
774 	 11 
775 	 15 
776 	 13 
777 	 10 
778 	 17 
779 	 12 
780 	 20 
781 	 13 
782 	 13 
783 	 15 
784 	 13 
785 	 11 
786 	 13 
787 	 13 
788 	 13 
789 	 19 
790 	 12 
791 	 15 
792 	 11 
793 	 13 
794 	 15 
795 	 21 
796 	 14 
797 	 16 
798 	 10 
799 	 12 
800 	 13 
801 	 13 
802 	 19 
803 	 13 
804 	 13 
805 	 22 
806 	 13 
807 	 13 
808 	 20 
809 	 13 
810 	 13 
811 	 16 
812 	 14 
813 	 11 
814 	 12 
815 	 20 
816 	 13 
817 	 12 
818 	 13 
819 	 12 
820 	 13 
821 	 13 
822 	 12 
823 	 19 
824 	 21 
825 	 14 
826 	 15 
827 	 11 
828 	 17 
829 	 13 
830 	 13 
831 	 21 
832 	 12 
833 	 14 
834 	 17 
835 	 19 
836 	 21 
837 	 13 
838 	 13 
839 	 15 
840 	 21 
841 	 13 
842 	 19 
843 	 17 
844 	 11 
845 	 15 
846 	 21 
847 	 13 
848 	 21 
849 	 13 
850 	 17 
851 	 13 
852 	 11 
853 	 10 
854 	 13 
855 	 13 
856 	 12 
857 	 13 
858 	 13 
859 	 12 
860 	 16 
861 	 13 
862 	 13 
863 	 15 
864 	 20 
865 	 20 
866 	 21 
867 	 20 
868 	 21 
869 	 15 
870 	 12 
871 	 13 
872 	 13 
873 	 13 
874 	 21 
875 	 15 
876 	 12 
877 	 11 
878 	 15 
879 	 19 
880 	 20 
881 	 22 
882 	 21 
883 	 12 
884 	 21 
885 	 13 
886 	 22 
887 	 13 
888 	 13 
889 	 15 
890 	 13 
891 	 13 
892 	 14 
893 	 15 
894 	 14 
895 	 11 
896 	 15 
897 	 16 
898 	 17 
899 	 22 
900 	 22 
901 	 12 
902 	 13 
903 	 13 
904 	 21 
905 	 19 
906 	 13 
907 	 13 
908 	 12 
909 	 13 
910 	 13 
911 	 13 
912 	 13 
913 	 22 
914 	 22 
915 	 15 
916 	 15 
917 	 13 
918 	 12 
919 	 21 
920 	 17 
921 	 13 
922 	 12 
923 	 13 
924 	 21 
925 	 11 
926 	 15 
927 	 13 
928 	 13 
929 	 12 
930 	 19 
931 	 13 
932 	 13 
933 	 11 
934 	 13 
935 	 20 
936 	 13 
937 	 13 
938 	 16 
939 	 13 
940 	 13 
941 	 11 
942 	 21 
943 	 13 
944 	 15 
945 	 14 
946 	 13 
947 	 13 
948 	 12 
949 	 13 
950 	 21 
951 	 11 
952 	 22 
953 	 12 
954 	 10 
955 	 15 
956 	 17 
957 	 13 
958 	 21 
959 	 12 
960 	 22 
961 	 10 
962 	 12 
963 	 13 
964 	 14 
965 	 13 
966 	 21 
967 	 11 
968 	 13 
969 	 13 
970 	 13 
971 	 13 
972 	 13 
973 	 12 
974 	 13 
975 	 15 
976 	 13 
977 	 21 
978 	 13 
979 	 13 
980 	 21 
981 	 11 
982 	 19 
983 	 20 
984 	 13 
985 	 16 
986 	 16 
987 	 13 
988 	 13 
989 	 17 
990 	 21 
991 	 15 
992 	 21 
993 	 13 
994 	 11 
995 	 13 
996 	 15 
997 	 13 
998 	 13 
999 	 13 
1000 	 13 
1001 	 10 
1002 	 13 
1003 	 13 
1004 	 13 
1005 	 13 
1006 	 10 
1007 	 21 
1008 	 16 
1009 	 18 
1010 	 20 
1011 	 16 
1012 	 16 
1013 	 16 
1014 	 12 
1015 	 10 
1016 	 12 
1017 	 15 
1018 	 17 
1019 	 16 
1020 	 16 
1021 	 17 
1022 	 13 
1023 	 10 
1024 	 12 
1025 	 12 
1026 	 20 
1027 	 12 
1028 	 16 
1029 	 10 
1030 	 21 
1031 	 17 
1032 	 16 
1033 	 21 
1034 	 21 
1035 	 10 
1036 	 16 
1037 	 16 
1038 	 16 
1039 	 16 
1040 	 17 
1041 	 16 
1042 	 12 
1043 	 16 
1044 	 10 
1045 	 16 
1046 	 17 
1047 	 14 
1048 	 16 
1049 	 21 
1050 	 20 
1051 	 16 
1052 	 17 
1053 	 21 
1054 	 16 
1055 	 22 
1056 	 16 
1057 	 14 
1058 	 16 
1059 	 10 
1060 	 16 
1061 	 14 
1062 	 15 
1063 	 17 
1064 	 16 
1065 	 12 
1066 	 17 
1067 	 21 
1068 	 17 
1069 	 12 
1070 	 15 
1071 	 14 
1072 	 21 
1073 	 20 
1074 	 12 
1075 	 21 
1076 	 12 
1077 	 12 
1078 	 14 
1079 	 13 
1080 	 10 
1081 	 13 
1082 	 13 
1083 	 13 
1084 	 13 
1085 	 13 
1086 	 22 
1087 	 12 
1088 	 16 
1089 	 17 
1090 	 12 
1091 	 17 
1092 	 13 
1093 	 12 
1094 	 13 
1095 	 22 
1096 	 13 
1097 	 17 
1098 	 12 
1099 	 12 
1100 	 21 
1101 	 14 
1102 	 22 
1103 	 13 
1104 	 12 
1105 	 13 
1106 	 13 
1107 	 13 
1108 	 13 
1109 	 22 
1110 	 13 
1111 	 15 
1112 	 13 
1113 	 13 
1114 	 12 
1115 	 11 
1116 	 13 
1117 	 20 
1118 	 13 
1119 	 22 
1120 	 16 
1121 	 13 
1122 	 22 
1123 	 13 
1124 	 16 
1125 	 10 
1126 	 12 
1127 	 15 
1128 	 10 
1129 	 12 
1130 	 22 
1131 	 17 
1132 	 13 
1133 	 13 
1134 	 12 
1135 	 13 
1136 	 16 
1137 	 13 
1138 	 12 
1139 	 12 
1140 	 10 
1141 	 13 
1142 	 19 
1143 	 22 
1144 	 12 
1145 	 13 
1146 	 20 
1147 	 14 
1148 	 14 
1149 	 13 
1150 	 13 
1151 	 12 
1152 	 22 
1153 	 12 
1154 	 16 
1155 	 16 
1156 	 19 
1157 	 13 
1158 	 10 
1159 	 16 
1160 	 13 
1161 	 16 
1162 	 12 
1163 	 22 
1164 	 20 
1165 	 13 
1166 	 13 
1167 	 13 
1168 	 13 
1169 	 14 
1170 	 10 
1171 	 13 
1172 	 21 
1173 	 13 
1174 	 13 
1175 	 13 
1176 	 21 
1177 	 10 
1178 	 13 
1179 	 12 
1180 	 14 
1181 	 12 
1182 	 13 
1183 	 13 
1184 	 12 
1185 	 20 
1186 	 10 
1187 	 22 
1188 	 13 
1189 	 12 
1190 	 14 
1191 	 12 
1192 	 12 
1193 	 21 
1194 	 20 
1195 	 21 
1196 	 10 
1197 	 10 
1198 	 10 
1199 	 10 
1200 	 10 
1201 	 10 
1202 	 10 
1203 	 14 
1204 	 11 
1205 	 11 
1206 	 11 
1207 	 11 
1208 	 11 
1209 	 12 
1210 	 14 
1211 	 11 
1212 	 14 
1213 	 11 
1214 	 11 
1215 	 20 
1216 	 10 
1217 	 22 
1218 	 16 
1219 	 20 
1220 	 19 
1221 	 11 
1222 	 11 
1223 	 17 
1224 	 12 
1225 	 11 
1226 	 11 
1227 	 17 
1228 	 20 
1229 	 13 
1230 	 11 
1231 	 11 
1232 	 11 
1233 	 11 
1234 	 22 
1235 	 12 
1236 	 20 
1237 	 15 
1238 	 13 
1239 	 11 
1240 	 20 
1241 	 21 
1242 	 19 
1243 	 21 
1244 	 21 
1245 	 12 
1246 	 21 
1247 	 12 
1248 	 11 
1249 	 20 
1250 	 21 
1251 	 20 
1252 	 13 
1253 	 21 
1254 	 10 
1255 	 12 
1256 	 16 
1257 	 12 
1258 	 20 
1259 	 10 
1260 	 12 
1261 	 10 
1262 	 16 
1263 	 20 
1264 	 14 
1265 	 16 
1266 	 20 
1267 	 16 
1268 	 11 
1269 	 16 
1270 	 14 
1271 	 20 
1272 	 10 
1273 	 14 
1274 	 12 
1275 	 14 
1276 	 17 
1277 	 11 
1278 	 12 
1279 	 16 
1280 	 17 
1281 	 22 
1282 	 16 
1283 	 16 
1284 	 14 
1285 	 16 
1286 	 19 
1287 	 16 
1288 	 14 
1289 	 10 
1290 	 16 
1291 	 16 
1292 	 15 
1293 	 15 
1294 	 20 
1295 	 21 
1296 	 16 
1297 	 16 
1298 	 16 
1299 	 16 
1300 	 14 
1301 	 13 
1302 	 10 
1303 	 20 
1304 	 13 
1305 	 13 
1306 	 10 
1307 	 13 
1308 	 17 
1309 	 10 
1310 	 13 
1311 	 15 
1312 	 12 
1313 	 17 
1314 	 13 
1315 	 13 
1316 	 11 
1317 	 20 
1318 	 13 
1319 	 14 
1320 	 13 
1321 	 13 
1322 	 20 
1323 	 13 
1324 	 14 
1325 	 13 
1326 	 14 
1327 	 13 
1328 	 13 
1329 	 10 
1330 	 13 
1331 	 13 
1332 	 13 
1333 	 13 
1334 	 13 
1335 	 12 
1336 	 12 
1337 	 13 
1338 	 13 
1339 	 13 
1340 	 13 
1341 	 20 
1342 	 14 
1343 	 13 
1344 	 22 
1345 	 10 
1346 	 14 
1347 	 13 
1348 	 13 
1349 	 13 
1350 	 13 
1351 	 13 
1352 	 12 
1353 	 19 
1354 	 17 
1355 	 12 
1356 	 13 
1357 	 15 
1358 	 16 
1359 	 16 
1360 	 13 
1361 	 20 
1362 	 14 
1363 	 12 
1364 	 13 
1365 	 12 
1366 	 15 
1367 	 13 
1368 	 13 
1369 	 12 
1370 	 13 
1371 	 17 
1372 	 14 
1373 	 13 
1374 	 12 
1375 	 19 
1376 	 14 
1377 	 17 
1378 	 11 
1379 	 20 
1380 	 17 
1381 	 13 
1382 	 21 
1383 	 17 
1384 	 12 
1385 	 12 
1386 	 13 
1387 	 17 
1388 	 10 
1389 	 13 
1390 	 13 
1391 	 12 
1392 	 13 
1393 	 13 
1394 	 13 
1395 	 17 
1396 	 20 
1397 	 11 
1398 	 13 
1399 	 13 
1400 	 11 
1401 	 14 
1402 	 21 
1403 	 12 
1404 	 21 
1405 	 21 
1406 	 13 
1407 	 13 
1408 	 11 
1409 	 13 
1410 	 10 
1411 	 13 
1412 	 13 
1413 	 13 
1414 	 12 
1415 	 13 
1416 	 13 
1417 	 20 
1418 	 13 
1419 	 13 
1420 	 12 
1421 	 13 
1422 	 17 
1423 	 14 
1424 	 14 
1425 	 13 
1426 	 13 
1427 	 21 
1428 	 17 
1429 	 20 
1430 	 11 
1431 	 13 
1432 	 10 
1433 	 10 
1434 	 14 
1435 	 13 
1436 	 21 
1437 	 13 
1438 	 21 
1439 	 21 
1440 	 21 
1441 	 13 
1442 	 13 
1443 	 14 
1444 	 21 
1445 	 13 
1446 	 13 
1447 	 21 
1448 	 13 
1449 	 12 
1450 	 12 
1451 	 12 
1452 	 13 
1453 	 13 
1454 	 13 
1455 	 13 
1456 	 17 
1457 	 14 
1458 	 13 
1459 	 13 
1460 	 13 
1461 	 17 
1462 	 13 
1463 	 20 
1464 	 14 
1465 	 20 
1466 	 10 
1467 	 21 
1468 	 13 
1469 	 12 
1470 	 13 
1471 	 13 
1472 	 14 
1473 	 14 
1474 	 12 
1475 	 13 
1476 	 10 
1477 	 19 
1478 	 17 
1479 	 21 
1480 	 10 
1481 	 11 
1482 	 10 
1483 	 13 
1484 	 13 
1485 	 12 
1486 	 13 
1487 	 17 
1488 	 12 
1489 	 13 
1490 	 13 
1491 	 13 
1492 	 13 
1493 	 17 
1494 	 10 
1495 	 14 
1496 	 22 
1497 	 21 
1498 	 11 
1499 	 15 
1500 	 20 
1501 	 19 
1502 	 16 
1503 	 14 
1504 	 14 
1505 	 11 
1506 	 21 
1507 	 11 
1508 	 11 
1509 	 19 
1510 	 19 
1511 	 11 
1512 	 21 
1513 	 11 
1514 	 19 
1515 	 11 
1516 	 11 
1517 	 17 
1518 	 20 
1519 	 11 
1520 	 21 
1521 	 20 
1522 	 19 
1523 	 12 
1524 	 14 
1525 	 21 
1526 	 11 
1527 	 11 
1528 	 21 
1529 	 21 
1530 	 20 
1531 	 17 
1532 	 21 
1533 	 21 
1534 	 14 
1535 	 14 
1536 	 21 
1537 	 14 
1538 	 21 
1539 	 12 
1540 	 12 
1541 	 11 
1542 	 16 
1543 	 16 
1544 	 21 
1545 	 20 
1546 	 16 
1547 	 14 
1548 	 16 
1549 	 16 
1550 	 16 
1551 	 16 
1552 	 21 
1553 	 20 
1554 	 16 
1555 	 14 
1556 	 19 
1557 	 10 
1558 	 11 
1559 	 10 
1560 	 11 
1561 	 14 
1562 	 11 
1563 	 21 
1564 	 20 
1565 	 19 
1566 	 11 
1567 	 11 
1568 	 17 
1569 	 21 
1570 	 21 
1571 	 17 
1572 	 11 
1573 	 21 
1574 	 14 
1575 	 12 
1576 	 11 
1577 	 11 
1578 	 14 
1579 	 19 
1580 	 11 
1581 	 17 
1582 	 21 
1583 	 20 
1584 	 11 
1585 	 10 
1586 	 17 
1587 	 21 
1588 	 11 
1589 	 11 
1590 	 11 
1591 	 17 
1592 	 14 
1593 	 21 
1594 	 21 
1595 	 10 
1596 	 14 
1597 	 11 
1598 	 11 
1599 	 17 
1600 	 19 
1601 	 19 
1602 	 17 
1603 	 14 
1604 	 19 
1605 	 11 
1606 	 17 
1607 	 21 
1608 	 10 
1609 	 17 
1610 	 14 
1611 	 14 
1612 	 11 
1613 	 19 
1614 	 14 
1615 	 19 
1616 	 17 
1617 	 17 
1618 	 11 
1619 	 11 
1620 	 11 
1621 	 11 
1622 	 11 
1623 	 14 
1624 	 12 
1625 	 17 
1626 	 11 
1627 	 17 
1628 	 17 
1629 	 19 
1630 	 19 
1631 	 17 
1632 	 14 
1633 	 11 
1634 	 16 
1635 	 11 
1636 	 22 
1637 	 11 
1638 	 17 
1639 	 11 
1640 	 19 
1641 	 14 
1642 	 19 
1643 	 11 
1644 	 11 
1645 	 22 
1646 	 12 
1647 	 11 
1648 	 17 
1649 	 17 
1650 	 20 
1651 	 12 
1652 	 11 
1653 	 11 
1654 	 11 
1655 	 19 
1656 	 11 
1657 	 11 
1658 	 11 
1659 	 21 
1660 	 21 
1661 	 21 
1662 	 14 
1663 	 11 
1664 	 19 
1665 	 12 
1666 	 11 
1667 	 11 
1668 	 12 
1669 	 17 
1670 	 19 
1671 	 11 
1672 	 11 
1673 	 11 
1674 	 17 
1675 	 17 
1676 	 14 
1677 	 11 
1678 	 11 
1679 	 11 
1680 	 17 
1681 	 17 
1682 	 19 
1683 	 21 
1684 	 10 
1685 	 17 
1686 	 17 
1687 	 21 
1688 	 19 
1689 	 19 
1690 	 10 
1691 	 14 
1692 	 11 
1693 	 14 
1694 	 14 
1695 	 14 
1696 	 19 
1697 	 11 
1698 	 14 
1699 	 17 
1700 	 21 
1701 	 21 
1702 	 22 
1703 	 14 
1704 	 21 
1705 	 12 
1706 	 20 
1707 	 22 
1708 	 22 
1709 	 21 
1710 	 14 
1711 	 17 
1712 	 21 
1713 	 12 
1714 	 17 
1715 	 22 
1716 	 21 
1717 	 22 
1718 	 17 
1719 	 14 
1720 	 22 
1721 	 17 
1722 	 19 
1723 	 22 
1724 	 22 
1725 	 22 
1726 	 22 
1727 	 10 
1728 	 11 
1729 	 21 
1730 	 22 
1731 	 10 
1732 	 19 
1733 	 10 
1734 	 22 
1735 	 21 
1736 	 14 
1737 	 20 
1738 	 20 
1739 	 12 
1740 	 21 
1741 	 21 
1742 	 12 
1743 	 21 
1744 	 22 
1745 	 21 
1746 	 14 
1747 	 22 
1748 	 12 
1749 	 12 
1750 	 14 
1751 	 22 
1752 	 21 
1753 	 22 
1754 	 22 
1755 	 19 
1756 	 21 
1757 	 21 
1758 	 20 
1759 	 21 
1760 	 10 
1761 	 22 
1762 	 17 
1763 	 22 
1764 	 10 
1765 	 15 
1766 	 21 
1767 	 19 
1768 	 19 
1769 	 22 
1770 	 21 
1771 	 22 
1772 	 17 
1773 	 14 
1774 	 10 
1775 	 17 
1776 	 22 
1777 	 19 
1778 	 14 
1779 	 14 
1780 	 10 
1781 	 21 
1782 	 22 
1783 	 21 
1784 	 10 
1785 	 22 
1786 	 21 
1787 	 12 
1788 	 20 
1789 	 22 
1790 	 22 
1791 	 22 
1792 	 20 
1793 	 22 
1794 	 21 
1795 	 22 
1796 	 10 
1797 	 22 
1798 	 16 
1799 	 12 
1800 	 10 
1801 	 21 
1802 	 14 
1803 	 14 
1804 	 21 
1805 	 22 
1806 	 14 
1807 	 12 
1808 	 22 
1809 	 22 
1810 	 22 
1811 	 22 
1812 	 22 
1813 	 14 
1814 	 17 
1815 	 22 
1816 	 22 
1817 	 21 
1818 	 22 
1819 	 10 
1820 	 22 
1821 	 10 
1822 	 17 
1823 	 21 
1824 	 19 
1825 	 12 
1826 	 14 
1827 	 22 
1828 	 10 
1829 	 12 
1830 	 10 
1831 	 14 
1832 	 12 
1833 	 22 
1834 	 20 
1835 	 22 
1836 	 17 
1837 	 22 
1838 	 17 
1839 	 22 
1840 	 14 
1841 	 17 
1842 	 17 
1843 	 17 
1844 	 17 
1845 	 17 
1846 	 19 
1847 	 12 
1848 	 17 
1849 	 17 
1850 	 17 
1851 	 20 
1852 	 17 
1853 	 17 
1854 	 17 
1855 	 17 
1856 	 17 
1857 	 17 
1858 	 17 
1859 	 17 
1860 	 17 
1861 	 17 
1862 	 17 
1863 	 20 
1864 	 17 
1865 	 17 
1866 	 19 
1867 	 17 
1868 	 17 
1869 	 17 
1870 	 17 
1871 	 12 
1872 	 17 
1873 	 17 
1874 	 17 
1875 	 17 
1876 	 17 
1877 	 12 
1878 	 19 
1879 	 17 
1880 	 17 
1881 	 17 
1882 	 17 
1883 	 17 
1884 	 17 
1885 	 17 
1886 	 12 
1887 	 17 
1888 	 17 
1889 	 19 
1890 	 10 
1891 	 17 
1892 	 17 
1893 	 16 
1894 	 17 
1895 	 17 
1896 	 17 
1897 	 17 
1898 	 17 
1899 	 17 
1900 	 17 
1901 	 17 
1902 	 17 
1903 	 10 
1904 	 17 
1905 	 17 
1906 	 12 
1907 	 17 
1908 	 17 
1909 	 12 
1910 	 17 
1911 	 14 
1912 	 17 
1913 	 17 
1914 	 19 
1915 	 12 
1916 	 14 
1917 	 17 
1918 	 17 
1919 	 17 
1920 	 17 
1921 	 17 
1922 	 17 
1923 	 17 
1924 	 17 
1925 	 17 
1926 	 17 
1927 	 17 
1928 	 17 
1929 	 17 
1930 	 17 
1931 	 17 
1932 	 17 
1933 	 17 
1934 	 17 
1935 	 17 
1936 	 17 
1937 	 17 
1938 	 17 
1939 	 17 
1940 	 17 
1941 	 17 
1942 	 12 
1943 	 14 
1944 	 20 
1945 	 14 
1946 	 17 
1947 	 17 
1948 	 12 
1949 	 12 
1950 	 17 
1951 	 17 
1952 	 17 
1953 	 12 
1954 	 17 
1955 	 17 
1956 	 17 
1957 	 17 
1958 	 17 
1959 	 17 
1960 	 17 
1961 	 17 
1962 	 17 
1963 	 17 
1964 	 17 
1965 	 17 
1966 	 17 
1967 	 12 
1968 	 17 
1969 	 14 
1970 	 17 
1971 	 17 
1972 	 17 
1973 	 17 
1974 	 14 
1975 	 17 
1976 	 17 
1977 	 10 
1978 	 17 
1979 	 17 
1980 	 17 
1981 	 17 
1982 	 17 
1983 	 17 
1984 	 17 
1985 	 17 
1986 	 14 
1987 	 10 
1988 	 10 
1989 	 20 
1990 	 19 
1991 	 10 
1992 	 10 
1993 	 10 
1994 	 21 
1995 	 10 
1996 	 10 
1997 	 10 
1998 	 10 
1999 	 12 
2000 	 21 
2001 	 10 
2002 	 10 
2003 	 10 
2004 	 10 
2005 	 10 
2006 	 10 
2007 	 10 
2008 	 10 
2009 	 10 
2010 	 10 
2011 	 10 
2012 	 10 
2013 	 19 
2014 	 10 
2015 	 10 
2016 	 10 
2017 	 10 
2018 	 10 
2019 	 10 
2020 	 14 
2021 	 10 
2022 	 14 
2023 	 10 
2024 	 10 
2025 	 10 
2026 	 10 
2027 	 12 
2028 	 10 
2029 	 10 
2030 	 10 
2031 	 19 
2032 	 14 
2033 	 21 
2034 	 10 
2035 	 10 
2036 	 10 
2037 	 10 
2038 	 10 
2039 	 10 
2040 	 10 
2041 	 10 
2042 	 10 
2043 	 10 
2044 	 12 
2045 	 14 
2046 	 10 
2047 	 20 
2048 	 17 
2049 	 20 
2050 	 20 
2051 	 11 
2052 	 16 
2053 	 11 
2054 	 11 
2055 	 20 
2056 	 17 
2057 	 17 
2058 	 10 
2059 	 20 
2060 	 12 
2061 	 20 
2062 	 11 
2063 	 20 
2064 	 11 
2065 	 14 
2066 	 11 
2067 	 20 
2068 	 10 
2069 	 11 
2070 	 17 
2071 	 21 
2072 	 11 
2073 	 14 
2074 	 11 
2075 	 11 
2076 	 21 
2077 	 14 
2078 	 11 
2079 	 11 
2080 	 11 
2081 	 14 
2082 	 11 
2083 	 11 
2084 	 11 
2085 	 19 
2086 	 20 
2087 	 11 
2088 	 14 
2089 	 12 
2090 	 20 
2091 	 17 
2092 	 11 
2093 	 12 
2094 	 10 
2095 	 11 
2096 	 20 
2097 	 21 
2098 	 21 
2099 	 17 
2100 	 21 
2101 	 17 
2102 	 17 
2103 	 21 
2104 	 21 
2105 	 21 
2106 	 19 
2107 	 21 
2108 	 10 
2109 	 21 
2110 	 17 
2111 	 12 
2112 	 14 
2113 	 21 
2114 	 21 
2115 	 21 
2116 	 12 
2117 	 21 
2118 	 21 
2119 	 17 
2120 	 10 
2121 	 11 
2122 	 14 
2123 	 21 
2124 	 19 
2125 	 21 
2126 	 14 
2127 	 14 
2128 	 21 
2129 	 10 
2130 	 14 
2131 	 19 
2132 	 14 
2133 	 21 
2134 	 17 
2135 	 21 
2136 	 17 
2137 	 21 
2138 	 14 
2139 	 21 
2140 	 10 
2141 	 16 
2142 	 14 
2143 	 14 
2144 	 16 
2145 	 16 
2146 	 16 
2147 	 16 
2148 	 16 
2149 	 16 
2150 	 16 
2151 	 10 
2152 	 16 
2153 	 12 
2154 	 16 
2155 	 16 
2156 	 16 
2157 	 16 
2158 	 21 
2159 	 20 
2160 	 16 
2161 	 14 
2162 	 16 
2163 	 14 
2164 	 14 
2165 	 16 
2166 	 19 
2167 	 14 
2168 	 20 
2169 	 10 
2170 	 10 
2171 	 20 
2172 	 20 
2173 	 14 
2174 	 21 
2175 	 14 
2176 	 20 
2177 	 14 
2178 	 21 
2179 	 16 
2180 	 10 
2181 	 21 
2182 	 10 
2183 	 17 
2184 	 21 
2185 	 21 
2186 	 12 
2187 	 10 
2188 	 21 
2189 	 17 
2190 	 12 
2191 	 21 
2192 	 21 
2193 	 19 
2194 	 14 
2195 	 20 
2196 	 19 
2197 	 21 
2198 	 21 
2199 	 19 
2200 	 10 
2201 	 14 
2202 	 21 
2203 	 21 
2204 	 21 
2205 	 21 
2206 	 17 
2207 	 19 
2208 	 21 
2209 	 21 
2210 	 19 
2211 	 21 
2212 	 21 
2213 	 21 
2214 	 21 
2215 	 21 
2216 	 20 
2217 	 21 
2218 	 20 
2219 	 20 
2220 	 14 
2221 	 21 
2222 	 21 
2223 	 17 
2224 	 20 
2225 	 21 
2226 	 16 
2227 	 21 
2228 	 17 
2229 	 21 
2230 	 19 
2231 	 21 
2232 	 10 
2233 	 14 
2234 	 21 
2235 	 21 
2236 	 21 
2237 	 14 
2238 	 20 
2239 	 22 
2240 	 17 
2241 	 21 
2242 	 10 
2243 	 12 
2244 	 21 
2245 	 21 
2246 	 21 
2247 	 21 
2248 	 20 
2249 	 20 
2250 	 21 
2251 	 21 
2252 	 21 
2253 	 21 
2254 	 21 
2255 	 20 
2256 	 19 
2257 	 21 
2258 	 21 
2259 	 14 
2260 	 21 
2261 	 10 
2262 	 21 
2263 	 21 
2264 	 12 
2265 	 11 
2266 	 10 
2267 	 11 
2268 	 11 
2269 	 10 
2270 	 19 
2271 	 10 
2272 	 11 
2273 	 21 
2274 	 11 
2275 	 10 
2276 	 10 
2277 	 10 
2278 	 10 
2279 	 10 
2280 	 10 
2281 	 14 
2282 	 17 
2283 	 14 
2284 	 14 
2285 	 10 
2286 	 10 
2287 	 10 
2288 	 10 
2289 	 10 
2290 	 10 
2291 	 10 
2292 	 10 
2293 	 10 
2294 	 10 
2295 	 10 
2296 	 10 
2297 	 10 
2298 	 10 
2299 	 10 
2300 	 10 
2301 	 10 
2302 	 14 
2303 	 17 
2304 	 17 
2305 	 10 
2306 	 10 
2307 	 17 
2308 	 14 
2309 	 10 
2310 	 10 
2311 	 10 
2312 	 10 
2313 	 10 
2314 	 17 
2315 	 10 
2316 	 17 
2317 	 17 
2318 	 17 
2319 	 10 
2320 	 10 
2321 	 14 
2322 	 17 
2323 	 10 
2324 	 10 
2325 	 10 
2326 	 10 
2327 	 10 
2328 	 10 
2329 	 10 
2330 	 10 
2331 	 10 
2332 	 10 
2333 	 10 
2334 	 17 
2335 	 10 
2336 	 14 
2337 	 17 
2338 	 10 
2339 	 14 
2340 	 10 
2341 	 10 
2342 	 10 
2343 	 22 
2344 	 10 
2345 	 10 
2346 	 20 
2347 	 10 
2348 	 10 
2349 	 10 
2350 	 17 
2351 	 17 
2352 	 10 
2353 	 20 
2354 	 10 
2355 	 10 
2356 	 10 
2357 	 10 
2358 	 10 
2359 	 17 
2360 	 10 
2361 	 10 
2362 	 20 
2363 	 14 
2364 	 21 
2365 	 20 
2366 	 21 
2367 	 21 
2368 	 14 
2369 	 21 
2370 	 21 
2371 	 10 
2372 	 10 
2373 	 10 
2374 	 10 
2375 	 10 
2376 	 10 
2377 	 10 
2378 	 12 
2379 	 10 
2380 	 10 
2381 	 10 
2382 	 10 
2383 	 11 
2384 	 19 
2385 	 11 
2386 	 11 
2387 	 11 
2388 	 11 
2389 	 11 
2390 	 11 
2391 	 11 
2392 	 11 
2393 	 11 
2394 	 11 
2395 	 11 
2396 	 11 
2397 	 11 
2398 	 14 
2399 	 19 
2400 	 20 
2401 	 20 
2402 	 11 
2403 	 20 
2404 	 11 
2405 	 14 
2406 	 11 
2407 	 11 
2408 	 17 
2409 	 19 
2410 	 17 
2411 	 19 
2412 	 19 
2413 	 19 
2414 	 20 
2415 	 19 
2416 	 19 
2417 	 19 
2418 	 20 
2419 	 10 
2420 	 19 
2421 	 17 
2422 	 10 
2423 	 10 
2424 	 10 
2425 	 10 
2426 	 10 
2427 	 20 
2428 	 19 
2429 	 10 
2430 	 10 
2431 	 10 
2432 	 10 
2433 	 12 
2434 	 14 
2435 	 10 
2436 	 17 
2437 	 19 
2438 	 10 
2439 	 16 
2440 	 10 
2441 	 14 
2442 	 10 
2443 	 20 
2444 	 10 
2445 	 20 
2446 	 22 
2447 	 14 
2448 	 22 
2449 	 22 
2450 	 22 
2451 	 20 
2452 	 22 
2453 	 20 
2454 	 17 
2455 	 22 
2456 	 14 
2457 	 11 
2458 	 11 
2459 	 11 
2460 	 14 
2461 	 19 
2462 	 14 
2463 	 11 
2464 	 11 
2465 	 19 
2466 	 19 
2467 	 11 
2468 	 21 
2469 	 20 
2470 	 21 
2471 	 14 
2472 	 21 
2473 	 21 
2474 	 21 
2475 	 21 
2476 	 14 
2477 	 14 
2478 	 21 
2479 	 20 
2480 	 21 
2481 	 21 
2482 	 21 
2483 	 14 
2484 	 17 
2485 	 14 
2486 	 20 
2487 	 20 
2488 	 19 
2489 	 20 
2490 	 20 
2491 	 20 
2492 	 14 
2493 	 14 
2494 	 19 
2495 	 14 
2496 	 14 
2497 	 14 
2498 	 20 
2499 	 20 
2500 	 20 
2501 	 20 
2502 	 20 
2503 	 19 
2504 	 20 
2505 	 17 
2506 	 20 
2507 	 17 
2508 	 20 
2509 	 20 
2510 	 20 
2511 	 19 
2512 	 19 
2513 	 20 
2514 	 14 
2515 	 20 
2516 	 20 
2517 	 20 
2518 	 17 
2519 	 17 
2520 	 14 
2521 	 17 
2522 	 20 
2523 	 20 
2524 	 14 
2525 	 20 
2526 	 17 
2527 	 20 
2528 	 20 
2529 	 20 
2530 	 17 
2531 	 20 
2532 	 20 
2533 	 20 
2534 	 20 
2535 	 17 
2536 	 20 
2537 	 17 
2538 	 20 
2539 	 20 
2540 	 20 
2541 	 19 
2542 	 20 
2543 	 20 
2544 	 20 
2545 	 17 
2546 	 20 
2547 	 20 
2548 	 20 
2549 	 20 
2550 	 20 
2551 	 20 
2552 	 17 
2553 	 20 
2554 	 20 
2555 	 17 
2556 	 17 
2557 	 20 
2558 	 20 
2559 	 20 
2560 	 14 
2561 	 20 
2562 	 14 
2563 	 14 
2564 	 17 
2565 	 20 
2566 	 20 
2567 	 20 
2568 	 20 
2569 	 20 
2570 	 17 
2571 	 20 
2572 	 14 
2573 	 14 
2574 	 20 
2575 	 20 
2576 	 20 
2577 	 14 
2578 	 20 
2579 	 19 
2580 	 17 
2581 	 17 
2582 	 14 
2583 	 20 
2584 	 20 
2585 	 20 
2586 	 20 
2587 	 20 
2588 	 20 
2589 	 19 
2590 	 14 
2591 	 17 
2592 	 20 
2593 	 19 
2594 	 20 
2595 	 20 
2596 	 14 
2597 	 20 
2598 	 20 
2599 	 20 
2600 	 19 
2601 	 20 
2602 	 20 
2603 	 20 
2604 	 20 
2605 	 19 
2606 	 20 
2607 	 20 
2608 	 19 
2609 	 14 
2610 	 17 
2611 	 14 
2612 	 20 
2613 	 20 
2614 	 14 
2615 	 17 
2616 	 19 
2617 	 14 
2618 	 17 
2619 	 20 
2620 	 19 
2621 	 14 
2622 	 17 
2623 	 14 
2624 	 20 
2625 	 19 
2626 	 19 
2627 	 20 
2628 	 20 
2629 	 20 
2630 	 20 
2631 	 20 
2632 	 20 
2633 	 17 
2634 	 14 
2635 	 20 
2636 	 20 
2637 	 17 
2638 	 20 
2639 	 20 
2640 	 19 
2641 	 20 
2642 	 20 
2643 	 20 
2644 	 20 
2645 	 20 
2646 	 20 
2647 	 14 
2648 	 17 
2649 	 20 
2650 	 17 
2651 	 20 
2652 	 19 
2653 	 17 
2654 	 20 
2655 	 20 
2656 	 20 
2657 	 17 
2658 	 20 
2659 	 14 
2660 	 20 
2661 	 17 
2662 	 20 
2663 	 20 
2664 	 20 
2665 	 20 
2666 	 17 
2667 	 20 
2668 	 20 
2669 	 14 
2670 	 20 
2671 	 20 
2672 	 14 
2673 	 14 
2674 	 14 
2675 	 20 
2676 	 20 
2677 	 17 
2678 	 20 
2679 	 20 
2680 	 20 
2681 	 20 
2682 	 17 
2683 	 17 
2684 	 14 
2685 	 17 
2686 	 20 
2687 	 20 
2688 	 20 
2689 	 20 
2690 	 20 
2691 	 19 
2692 	 20 
2693 	 20 
2694 	 20 
2695 	 20 
2696 	 14 
2697 	 14 
2698 	 20 
2699 	 14 
2700 	 14 
2701 	 14 
2702 	 20 
2703 	 14 
2704 	 10 
2705 	 14 
2706 	 20 
2707 	 17 
2708 	 14 
2709 	 14 
2710 	 14 
2711 	 14 
2712 	 14 
2713 	 14 
2714 	 14 
2715 	 14 
2716 	 20 
2717 	 14 
2718 	 14 
2719 	 14 
2720 	 14 
2721 	 19 
2722 	 10 
2723 	 14 
2724 	 14 
2725 	 20 
2726 	 20 
2727 	 14 
2728 	 14 
2729 	 14 
2730 	 14 
2731 	 14 
2732 	 14 
2733 	 19 
2734 	 14 
2735 	 14 
2736 	 14 
2737 	 14 
2738 	 14 
2739 	 14 
2740 	 14 
2741 	 20 
2742 	 14 
2743 	 14 
2744 	 14 
2745 	 14 
2746 	 19 
2747 	 14 
2748 	 14 
2749 	 14 
2750 	 14 
2751 	 14 
2752 	 14 
2753 	 14 
2754 	 14 
2755 	 14 
2756 	 14 
2757 	 14 
2758 	 19 
2759 	 14 
2760 	 14 
2761 	 14 
2762 	 14 
2763 	 14 
2764 	 14 
2765 	 14 
2766 	 19 
2767 	 14 
2768 	 14 
2769 	 14 
2770 	 20 
2771 	 14 
2772 	 19 
2773 	 17 
2774 	 14 
2775 	 14 
2776 	 14 
2777 	 20 
2778 	 14 
2779 	 19 
2780 	 14 
2781 	 14 
2782 	 14 
2783 	 14 
2784 	 20 
2785 	 14 
2786 	 14 
2787 	 17 
2788 	 14 
2789 	 14 
2790 	 14 
2791 	 14 
2792 	 14 
2793 	 14 
2794 	 14 
2795 	 14 
2796 	 19 
2797 	 14 
2798 	 14 
2799 	 14 
2800 	 19 
2801 	 14 
2802 	 14 
2803 	 17 
2804 	 14 
2805 	 14 
2806 	 14 
2807 	 14 
2808 	 14 
2809 	 14 
2810 	 20 
2811 	 14 
2812 	 14 
2813 	 14 
2814 	 19 
2815 	 14 
2816 	 20 
2817 	 14 
2818 	 14 
2819 	 20 
2820 	 14 
2821 	 20 
2822 	 20 
2823 	 14 
2824 	 17 
2825 	 14 
2826 	 14 
2827 	 14 
2828 	 14 
2829 	 14 
2830 	 17 
2831 	 19 
2832 	 14 
2833 	 14 
2834 	 14 
2835 	 14 
2836 	 14 
2837 	 14 
2838 	 20 
2839 	 14 
2840 	 14 
2841 	 14 
2842 	 14 
2843 	 14 
2844 	 14 
2845 	 14 
2846 	 14 
2847 	 20 
2848 	 14 
2849 	 14 
2850 	 14 
2851 	 14 
2852 	 14 
2853 	 14 
2854 	 14 
2855 	 14 
2856 	 14 
2857 	 14 
2858 	 14 
2859 	 14 
2860 	 14 
2861 	 14 
2862 	 14 
2863 	 14 
2864 	 14 
2865 	 14 
2866 	 14 
2867 	 14 
2868 	 14 
2869 	 14 
2870 	 14 
2871 	 14 
2872 	 14 
2873 	 14 
2874 	 14 
2875 	 14 
2876 	 14 
2877 	 14 
2878 	 14 
2879 	 14 
2880 	 14 
2881 	 14 
2882 	 20 
2883 	 14 
2884 	 14 
2885 	 14 
2886 	 14 
2887 	 19 
2888 	 14 
2889 	 14 
2890 	 19 
2891 	 19 
2892 	 14 
2893 	 19 
2894 	 19 
2895 	 14 
2896 	 14 
2897 	 14 
2898 	 14 
2899 	 14 
2900 	 20 
2901 	 14 
2902 	 14 
2903 	 19 
2904 	 14 
2905 	 17 
2906 	 14 
2907 	 14 
2908 	 14 
2909 	 19 
2910 	 19 
2911 	 14 
2912 	 14 
2913 	 14 
2914 	 14 
2915 	 19 
2916 	 14 
2917 	 14 
2918 	 20 
2919 	 14 
2920 	 14 
2921 	 14 
2922 	 20 
2923 	 14 
2924 	 14 
2925 	 19 
2926 	 14 
2927 	 14 
2928 	 14 
2929 	 17 
2930 	 14 
2931 	 14 
2932 	 14 
2933 	 20 
2934 	 14 
2935 	 14 
2936 	 14 
2937 	 19 
2938 	 20 
2939 	 19 
2940 	 14 
2941 	 14 
2942 	 14 
2943 	 14 
2944 	 17 
2945 	 14 
2946 	 14 
2947 	 14 
2948 	 14 
2949 	 14 
2950 	 17 
2951 	 14 
2952 	 20 
2953 	 19 
2954 	 17 
2955 	 14 
2956 	 14 
2957 	 14 
2958 	 14 
2959 	 14 
2960 	 19 
2961 	 17 
2962 	 14 
2963 	 14 
2964 	 20 
2965 	 20 
2966 	 14 
2967 	 14 
2968 	 14 
2969 	 14 
2970 	 20 
2971 	 14 
2972 	 14 
2973 	 20 
2974 	 20 
2975 	 20 
2976 	 20 
2977 	 20 
2978 	 20 
2979 	 20 
2980 	 19 
2981 	 20 
2982 	 20 
2983 	 20 
2984 	 19 
2985 	 19 
2986 	 20 
2987 	 20 
2988 	 20 
2989 	 20 
2990 	 20 
2991 	 19 
2992 	 20 
2993 	 19 
2994 	 19 
2995 	 20 
2996 	 19 
2997 	 20 
2998 	 20 
2999 	 19 
3000 	 19 
3001 	 19 
3002 	 19 
3003 	 20 
3004 	 20 
3005 	 19 
3006 	 19 
3007 	 19 
3008 	 19 
3009 	 17 
3010 	 19 
3011 	 19 
3012 	 19 
3013 	 19 
3014 	 19 
3015 	 20 
3016 	 19 
3017 	 19 
3018 	 19 
3019 	 19 
3020 	 19 
3021 	 19 
3022 	 19 
3023 	 19 
3024 	 19 
3025 	 19 
3026 	 19 
3027 	 19 
3028 	 19 
3029 	 19 
3030 	 19 
3031 	 19 
3032 	 19 
3033 	 19 
3034 	 19 
3035 	 19 
3036 	 19 
3037 	 19 
3038 	 19 
3039 	 19 
3040 	 19 
3041 	 19 
3042 	 19 
3043 	 19 
3044 	 19 
3045 	 19 
3046 	 19 
3047 	 19 
3048 	 19 
3049 	 19 
3050 	 19 
3051 	 19 
3052 	 19 
3053 	 19 
3054 	 19 
3055 	 19 
3056 	 19 
3057 	 19 
3058 	 19 
3059 	 19 
3060 	 19 
3061 	 19 
3062 	 19 
3063 	 19 
3064 	 19 
3065 	 19 
3066 	 19 
3067 	 19 
3068 	 19 
3069 	 19 
3070 	 19 
3071 	 19 
3072 	 19 
3073 	 19 
3074 	 19 
3075 	 19 
3076 	 19 
3077 	 19 
3078 	 19 
3079 	 19 
3080 	 19 
3081 	 19 
3082 	 19 
3083 	 19 
3084 	 19 
3085 	 19 
3086 	 19 
3087 	 19 
3088 	 19 
3089 	 19 
3090 	 19 
3091 	 19 
3092 	 19 
3093 	 19 
3094 	 19 
3095 	 19 
3096 	 19 
3097 	 19 
3098 	 19 
3099 	 19 
3100 	 19 
3101 	 19 
3102 	 20 
3103 	 19 
3104 	 19 
3105 	 19 
3106 	 19 
3107 	 19 
3108 	 20 
3109 	 20 
3110 	 20 
3111 	 20 
3112 	 20 
3113 	 20 
3114 	 20 
3115 	 20 
3116 	 20 
3117 	 20 
3118 	 20 
3119 	 20 
3120 	 20 
3121 	 20 
3122 	 20 
3123 	 20 
3124 	 19 
3125 	 20 
3126 	 20 
3127 	 20 
3128 	 20 
3129 	 20 
3130 	 20 
3131 	 20 
3132 	 20 
3133 	 20 
3134 	 20 
3135 	 20 
3136 	 20 
3137 	 20 
3138 	 20 
3139 	 10 
3140 	 10 
3141 	 10 
3142 	 19 
3143 	 20 
3144 	 20 
3145 	 19 
3146 	 19 
3147 	 19 
3148 	 19 
3149 	 20 
3150 	 19 
3151 	 19 
3152 	 16 
3153 	 19 
3154 	 19 
3155 	 19 
3156 	 19 
3157 	 20 
3158 	 19 
3159 	 19 
3160 	 19 
3161 	 19 
3162 	 19 
3163 	 19 
3164 	 19 
3165 	 19 
3166 	 19 
3167 	 19 
3168 	 19 
3169 	 19 
3170 	 19 
3171 	 19 
3172 	 16 
3173 	 16 
3174 	 16 
3175 	 16 
3176 	 16 
3177 	 17 
3178 	 20 
3179 	 17 
3180 	 17 
3181 	 17 
3182 	 17 
3183 	 17 
3184 	 17 
3185 	 17 
3186 	 20 
3187 	 20 
3188 	 20 
3189 	 20 
3190 	 20 
3191 	 20 
3192 	 20 
3193 	 20 
3194 	 20 
3195 	 20 
3196 	 20 
3197 	 20 
3198 	 20 
3199 	 20 
3200 	 20 
3201 	 20 
3202 	 20 
