0 	 0 
1 	 0 
2 	 0 
3 	 0 
4 	 0 
5 	 0 
6 	 0 
7 	 0 
8 	 0 
9 	 0 
10 	 0 
11 	 0 
12 	 0 
13 	 0 
14 	 0 
15 	 0 
16 	 0 
17 	 0 
18 	 0 
19 	 0 
20 	 0 
21 	 0 
22 	 0 
23 	 0 
24 	 0 
25 	 1 
26 	 0 
27 	 0 
28 	 0 
29 	 0 
30 	 0 
31 	 0 
32 	 0 
33 	 0 
34 	 0 
35 	 0 
36 	 0 
37 	 0 
38 	 0 
39 	 1 
40 	 1 
41 	 0 
42 	 0 
43 	 0 
44 	 0 
45 	 1 
46 	 1 
47 	 1 
48 	 1 
49 	 1 
50 	 1 
51 	 1 
52 	 1 
53 	 1 
54 	 0 
55 	 1 
56 	 0 
57 	 1 
58 	 1 
59 	 1 
60 	 0 
61 	 1 
62 	 1 
63 	 2 
64 	 2 
65 	 3 
66 	 3 
67 	 2 
68 	 3 
69 	 4 
70 	 3 
71 	 2 
72 	 3 
73 	 4 
74 	 4 
75 	 3 
76 	 2 
77 	 4 
78 	 2 
79 	 4 
80 	 3 
81 	 3 
82 	 2 
83 	 2 
84 	 2 
85 	 4 
86 	 2 
87 	 3 
88 	 4 
89 	 2 
90 	 4 
91 	 4 
92 	 2 
93 	 4 
94 	 3 
95 	 4 
96 	 3 
97 	 3 
98 	 2 
99 	 2 
100 	 4 
101 	 3 
102 	 2 
103 	 3 
104 	 4 
105 	 2 
106 	 2 
107 	 3 
108 	 3 
109 	 4 
110 	 2 
111 	 3 
112 	 3 
113 	 3 
114 	 2 
115 	 3 
116 	 2 
117 	 2 
118 	 2 
119 	 3 
120 	 2 
121 	 2 
122 	 3 
123 	 2 
124 	 2 
125 	 3 
126 	 2 
127 	 2 
128 	 2 
129 	 2 
130 	 3 
131 	 3 
132 	 4 
133 	 4 
134 	 2 
135 	 2 
136 	 4 
137 	 2 
138 	 3 
139 	 3 
140 	 3 
141 	 2 
142 	 3 
143 	 2 
144 	 3 
145 	 2 
146 	 2 
147 	 3 
148 	 3 
149 	 4 
150 	 4 
151 	 4 
152 	 4 
153 	 2 
154 	 4 
155 	 3 
156 	 2 
157 	 2 
158 	 3 
159 	 2 
160 	 3 
161 	 2 
162 	 2 
163 	 3 
164 	 4 
165 	 4 
166 	 4 
167 	 2 
168 	 2 
169 	 3 
170 	 2 
171 	 4 
172 	 3 
173 	 2 
174 	 3 
175 	 3 
176 	 3 
177 	 3 
178 	 3 
179 	 2 
180 	 4 
181 	 3 
182 	 2 
183 	 3 
184 	 3 
185 	 3 
186 	 2 
187 	 2 
188 	 3 
189 	 3 
190 	 3 
191 	 2 
192 	 2 
193 	 2 
194 	 3 
195 	 2 
196 	 4 
197 	 3 
198 	 3 
199 	 2 
200 	 3 
201 	 2 
202 	 2 
203 	 2 
204 	 3 
205 	 2 
206 	 3 
207 	 2 
208 	 3 
209 	 4 
210 	 4 
211 	 3 
212 	 3 
213 	 3 
214 	 3 
215 	 3 
216 	 3 
217 	 2 
218 	 2 
219 	 3 
220 	 3 
221 	 3 
222 	 4 
223 	 3 
224 	 2 
225 	 2 
226 	 2 
227 	 3 
228 	 2 
229 	 2 
230 	 4 
231 	 2 
232 	 3 
233 	 4 
234 	 2 
235 	 2 
236 	 2 
237 	 3 
238 	 2 
239 	 3 
240 	 2 
241 	 4 
242 	 4 
243 	 4 
244 	 2 
245 	 3 
246 	 4 
247 	 2 
248 	 3 
249 	 2 
250 	 2 
251 	 4 
252 	 2 
253 	 3 
254 	 3 
255 	 2 
256 	 3 
257 	 3 
258 	 2 
259 	 2 
260 	 4 
261 	 2 
262 	 3 
263 	 2 
264 	 4 
265 	 4 
266 	 3 
267 	 2 
268 	 3 
269 	 2 
270 	 4 
271 	 2 
272 	 3 
273 	 2 
274 	 3 
275 	 2 
276 	 3 
277 	 2 
278 	 3 
279 	 2 
280 	 3 
281 	 2 
282 	 3 
283 	 2 
284 	 4 
285 	 2 
286 	 3 
287 	 3 
288 	 3 
289 	 3 
290 	 2 
291 	 3 
292 	 3 
293 	 4 
294 	 3 
295 	 2 
296 	 2 
297 	 2 
298 	 2 
299 	 3 
300 	 3 
301 	 2 
302 	 3 
303 	 2 
304 	 3 
305 	 3 
306 	 4 
307 	 3 
308 	 3 
309 	 3 
310 	 2 
311 	 2 
312 	 3 
313 	 2 
314 	 4 
315 	 2 
316 	 2 
317 	 2 
318 	 2 
319 	 2 
320 	 3 
321 	 3 
322 	 2 
323 	 3 
324 	 2 
325 	 4 
326 	 2 
327 	 2 
328 	 2 
329 	 4 
330 	 2 
331 	 2 
332 	 2 
333 	 3 
334 	 3 
335 	 3 
336 	 2 
337 	 3 
338 	 4 
339 	 2 
340 	 2 
341 	 2 
342 	 4 
343 	 2 
344 	 2 
345 	 2 
346 	 2 
347 	 3 
348 	 2 
349 	 2 
350 	 3 
351 	 2 
352 	 3 
353 	 4 
354 	 2 
355 	 2 
356 	 3 
357 	 2 
358 	 2 
359 	 3 
360 	 2 
361 	 2 
362 	 2 
363 	 2 
364 	 3 
365 	 2 
366 	 2 
367 	 3 
368 	 3 
369 	 4 
370 	 4 
371 	 3 
372 	 3 
373 	 2 
374 	 2 
375 	 3 
376 	 3 
377 	 3 
378 	 3 
379 	 3 
380 	 2 
381 	 2 
382 	 3 
383 	 2 
384 	 2 
385 	 2 
386 	 3 
387 	 4 
388 	 2 
389 	 3 
390 	 2 
391 	 2 
392 	 3 
393 	 2 
394 	 2 
395 	 3 
396 	 3 
397 	 3 
398 	 2 
399 	 3 
400 	 2 
401 	 2 
402 	 2 
403 	 2 
404 	 2 
405 	 3 
406 	 3 
407 	 2 
408 	 2 
409 	 3 
410 	 2 
411 	 2 
412 	 2 
413 	 2 
414 	 2 
415 	 2 
416 	 3 
417 	 2 
418 	 2 
419 	 2 
420 	 2 
421 	 2 
422 	 3 
423 	 2 
424 	 2 
425 	 2 
426 	 3 
427 	 2 
428 	 2 
429 	 2 
430 	 2 
431 	 4 
432 	 4 
433 	 2 
434 	 2 
435 	 3 
436 	 2 
437 	 2 
438 	 2 
439 	 2 
440 	 2 
441 	 3 
442 	 2 
443 	 3 
444 	 2 
445 	 2 
446 	 2 
447 	 2 
448 	 2 
449 	 3 
450 	 2 
451 	 2 
452 	 4 
453 	 3 
454 	 2 
455 	 3 
456 	 2 
457 	 3 
458 	 2 
459 	 2 
460 	 3 
461 	 3 
462 	 2 
463 	 2 
464 	 3 
465 	 2 
466 	 4 
467 	 3 
468 	 2 
469 	 4 
470 	 2 
471 	 2 
472 	 3 
473 	 2 
474 	 2 
475 	 4 
476 	 2 
477 	 3 
478 	 3 
479 	 2 
480 	 4 
481 	 3 
482 	 3 
483 	 3 
484 	 2 
485 	 3 
486 	 2 
487 	 2 
488 	 2 
489 	 3 
490 	 4 
491 	 3 
492 	 2 
493 	 4 
494 	 3 
495 	 2 
496 	 3 
497 	 3 
498 	 2 
499 	 4 
500 	 3 
501 	 2 
502 	 2 
503 	 3 
504 	 3 
505 	 4 
506 	 2 
507 	 4 
508 	 2 
509 	 3 
510 	 2 
511 	 3 
512 	 2 
513 	 2 
514 	 2 
515 	 3 
516 	 2 
517 	 3 
518 	 3 
519 	 2 
520 	 2 
521 	 2 
522 	 3 
523 	 3 
524 	 2 
525 	 2 
526 	 3 
527 	 2 
528 	 4 
529 	 4 
530 	 2 
531 	 2 
532 	 2 
533 	 3 
534 	 3 
535 	 2 
536 	 2 
537 	 3 
538 	 2 
539 	 2 
540 	 2 
541 	 3 
542 	 4 
543 	 4 
544 	 2 
545 	 2 
546 	 2 
547 	 2 
548 	 4 
549 	 4 
550 	 3 
551 	 4 
552 	 2 
553 	 2 
554 	 2 
555 	 3 
556 	 2 
557 	 4 
558 	 2 
559 	 3 
560 	 3 
561 	 2 
562 	 3 
563 	 2 
564 	 3 
565 	 4 
566 	 2 
567 	 3 
568 	 2 
569 	 4 
570 	 2 
571 	 2 
572 	 4 
573 	 3 
574 	 2 
575 	 2 
576 	 3 
577 	 2 
578 	 2 
579 	 2 
580 	 2 
581 	 2 
582 	 2 
583 	 2 
584 	 2 
585 	 2 
586 	 2 
587 	 4 
588 	 2 
589 	 4 
590 	 3 
591 	 2 
592 	 3 
593 	 3 
594 	 2 
595 	 2 
596 	 3 
597 	 2 
598 	 2 
599 	 3 
600 	 3 
601 	 4 
602 	 2 
603 	 3 
604 	 4 
605 	 2 
606 	 2 
607 	 3 
608 	 3 
609 	 2 
610 	 4 
611 	 2 
612 	 2 
613 	 2 
614 	 2 
615 	 4 
616 	 2 
617 	 2 
618 	 3 
619 	 2 
620 	 4 
621 	 2 
622 	 3 
623 	 2 
624 	 2 
625 	 2 
626 	 2 
627 	 2 
628 	 4 
629 	 2 
630 	 2 
631 	 2 
632 	 2 
633 	 3 
634 	 2 
635 	 3 
636 	 4 
637 	 2 
638 	 2 
639 	 2 
640 	 2 
641 	 3 
642 	 2 
643 	 2 
644 	 4 
645 	 2 
646 	 3 
647 	 3 
648 	 4 
649 	 2 
650 	 2 
651 	 4 
652 	 3 
653 	 4 
654 	 2 
655 	 3 
656 	 4 
657 	 2 
658 	 2 
659 	 2 
660 	 3 
661 	 2 
662 	 4 
663 	 2 
664 	 4 
665 	 2 
666 	 4 
667 	 3 
668 	 3 
669 	 2 
670 	 2 
671 	 2 
672 	 2 
673 	 3 
674 	 2 
675 	 4 
676 	 3 
677 	 3 
678 	 2 
679 	 4 
680 	 3 
681 	 3 
682 	 4 
683 	 2 
684 	 4 
685 	 2 
686 	 2 
687 	 2 
688 	 3 
689 	 2 
690 	 3 
691 	 2 
692 	 2 
693 	 2 
694 	 2 
695 	 2 
696 	 2 
697 	 4 
698 	 4 
699 	 2 
700 	 2 
701 	 2 
702 	 2 
703 	 2 
704 	 2 
705 	 4 
706 	 2 
707 	 2 
708 	 2 
709 	 3 
710 	 2 
711 	 2 
712 	 2 
713 	 4 
714 	 4 
715 	 3 
716 	 2 
717 	 3 
718 	 4 
719 	 2 
720 	 2 
721 	 3 
722 	 3 
723 	 4 
724 	 2 
725 	 3 
726 	 3 
727 	 4 
728 	 4 
729 	 2 
730 	 3 
731 	 2 
732 	 2 
733 	 2 
734 	 4 
735 	 3 
736 	 4 
737 	 2 
738 	 2 
739 	 4 
740 	 2 
741 	 2 
742 	 2 
743 	 3 
744 	 3 
745 	 2 
746 	 2 
747 	 2 
748 	 4 
749 	 3 
750 	 2 
751 	 4 
752 	 2 
753 	 3 
754 	 2 
755 	 3 
756 	 2 
757 	 2 
758 	 2 
759 	 2 
760 	 3 
761 	 2 
762 	 4 
763 	 2 
764 	 4 
765 	 3 
766 	 4 
767 	 2 
768 	 4 
769 	 2 
770 	 3 
771 	 3 
772 	 2 
773 	 3 
774 	 2 
775 	 3 
776 	 2 
777 	 2 
778 	 4 
779 	 3 
780 	 4 
781 	 2 
782 	 2 
783 	 3 
784 	 2 
785 	 2 
786 	 2 
787 	 2 
788 	 2 
789 	 4 
790 	 3 
791 	 3 
792 	 2 
793 	 2 
794 	 3 
795 	 2 
796 	 4 
797 	 2 
798 	 2 
799 	 3 
800 	 2 
801 	 2 
802 	 4 
803 	 2 
804 	 2 
805 	 2 
806 	 2 
807 	 2 
808 	 4 
809 	 2 
810 	 2 
811 	 2 
812 	 4 
813 	 2 
814 	 3 
815 	 4 
816 	 2 
817 	 3 
818 	 2 
819 	 3 
820 	 2 
821 	 2 
822 	 3 
823 	 4 
824 	 2 
825 	 4 
826 	 3 
827 	 2 
828 	 4 
829 	 2 
830 	 2 
831 	 2 
832 	 3 
833 	 4 
834 	 4 
835 	 4 
836 	 2 
837 	 2 
838 	 2 
839 	 3 
840 	 2 
841 	 2 
842 	 4 
843 	 4 
844 	 2 
845 	 3 
846 	 2 
847 	 2 
848 	 2 
849 	 2 
850 	 4 
851 	 2 
852 	 2 
853 	 2 
854 	 2 
855 	 2 
856 	 3 
857 	 2 
858 	 2 
859 	 3 
860 	 2 
861 	 2 
862 	 2 
863 	 3 
864 	 4 
865 	 4 
866 	 2 
867 	 4 
868 	 2 
869 	 3 
870 	 3 
871 	 2 
872 	 2 
873 	 2 
874 	 2 
875 	 3 
876 	 3 
877 	 2 
878 	 3 
879 	 4 
880 	 4 
881 	 2 
882 	 2 
883 	 3 
884 	 2 
885 	 2 
886 	 2 
887 	 2 
888 	 2 
889 	 3 
890 	 2 
891 	 2 
892 	 4 
893 	 3 
894 	 4 
895 	 2 
896 	 3 
897 	 2 
898 	 4 
899 	 2 
900 	 2 
901 	 3 
902 	 2 
903 	 2 
904 	 2 
905 	 4 
906 	 2 
907 	 2 
908 	 3 
909 	 2 
910 	 2 
911 	 2 
912 	 2 
913 	 2 
914 	 2 
915 	 3 
916 	 3 
917 	 2 
918 	 3 
919 	 2 
920 	 4 
921 	 2 
922 	 3 
923 	 2 
924 	 2 
925 	 2 
926 	 3 
927 	 2 
928 	 2 
929 	 3 
930 	 4 
931 	 2 
932 	 2 
933 	 2 
934 	 2 
935 	 4 
936 	 2 
937 	 2 
938 	 2 
939 	 2 
940 	 2 
941 	 2 
942 	 2 
943 	 2 
944 	 3 
945 	 4 
946 	 2 
947 	 2 
948 	 3 
949 	 2 
950 	 2 
951 	 2 
952 	 2 
953 	 3 
954 	 2 
955 	 3 
956 	 4 
957 	 2 
958 	 2 
959 	 3 
960 	 2 
961 	 2 
962 	 3 
963 	 2 
964 	 4 
965 	 2 
966 	 2 
967 	 2 
968 	 2 
969 	 2 
970 	 2 
971 	 2 
972 	 2 
973 	 3 
974 	 2 
975 	 3 
976 	 2 
977 	 2 
978 	 2 
979 	 2 
980 	 2 
981 	 2 
982 	 4 
983 	 4 
984 	 2 
985 	 2 
986 	 2 
987 	 2 
988 	 2 
989 	 4 
990 	 2 
991 	 3 
992 	 2 
993 	 2 
994 	 2 
995 	 2 
996 	 3 
997 	 2 
998 	 2 
999 	 2 
1000 	 2 
1001 	 2 
1002 	 2 
1003 	 2 
1004 	 2 
1005 	 2 
1006 	 2 
1007 	 2 
1008 	 2 
1009 	 3 
1010 	 4 
1011 	 2 
1012 	 2 
1013 	 2 
1014 	 3 
1015 	 2 
1016 	 3 
1017 	 3 
1018 	 4 
1019 	 2 
1020 	 2 
1021 	 4 
1022 	 2 
1023 	 2 
1024 	 3 
1025 	 3 
1026 	 4 
1027 	 3 
1028 	 2 
1029 	 2 
1030 	 2 
1031 	 4 
1032 	 2 
1033 	 2 
1034 	 2 
1035 	 2 
1036 	 2 
1037 	 2 
1038 	 2 
1039 	 2 
1040 	 4 
1041 	 2 
1042 	 3 
1043 	 2 
1044 	 2 
1045 	 2 
1046 	 4 
1047 	 4 
1048 	 2 
1049 	 2 
1050 	 4 
1051 	 2 
1052 	 4 
1053 	 2 
1054 	 2 
1055 	 2 
1056 	 2 
1057 	 4 
1058 	 2 
1059 	 2 
1060 	 2 
1061 	 4 
1062 	 3 
1063 	 4 
1064 	 2 
1065 	 3 
1066 	 4 
1067 	 2 
1068 	 4 
1069 	 3 
1070 	 3 
1071 	 4 
1072 	 2 
1073 	 4 
1074 	 3 
1075 	 2 
1076 	 3 
1077 	 3 
1078 	 4 
1079 	 2 
1080 	 2 
1081 	 2 
1082 	 2 
1083 	 2 
1084 	 2 
1085 	 2 
1086 	 2 
1087 	 3 
1088 	 2 
1089 	 4 
1090 	 3 
1091 	 4 
1092 	 2 
1093 	 3 
1094 	 2 
1095 	 2 
1096 	 2 
1097 	 4 
1098 	 3 
1099 	 3 
1100 	 2 
1101 	 4 
1102 	 2 
1103 	 2 
1104 	 3 
1105 	 2 
1106 	 2 
1107 	 2 
1108 	 2 
1109 	 2 
1110 	 2 
1111 	 3 
1112 	 2 
1113 	 2 
1114 	 3 
1115 	 2 
1116 	 2 
1117 	 4 
1118 	 2 
1119 	 2 
1120 	 2 
1121 	 2 
1122 	 2 
1123 	 2 
1124 	 2 
1125 	 2 
1126 	 3 
1127 	 3 
1128 	 2 
1129 	 3 
1130 	 2 
1131 	 4 
1132 	 2 
1133 	 2 
1134 	 3 
1135 	 2 
1136 	 2 
1137 	 2 
1138 	 3 
1139 	 3 
1140 	 2 
1141 	 2 
1142 	 4 
1143 	 2 
1144 	 3 
1145 	 2 
1146 	 4 
1147 	 4 
1148 	 4 
1149 	 2 
1150 	 2 
1151 	 3 
1152 	 2 
1153 	 3 
1154 	 2 
1155 	 2 
1156 	 4 
1157 	 2 
1158 	 2 
1159 	 2 
1160 	 2 
1161 	 2 
1162 	 3 
1163 	 2 
1164 	 4 
1165 	 2 
1166 	 2 
1167 	 2 
1168 	 2 
1169 	 4 
1170 	 2 
1171 	 2 
1172 	 2 
1173 	 2 
1174 	 2 
1175 	 2 
1176 	 2 
1177 	 2 
1178 	 2 
1179 	 3 
1180 	 4 
1181 	 3 
1182 	 2 
1183 	 2 
1184 	 3 
1185 	 4 
1186 	 2 
1187 	 2 
1188 	 2 
1189 	 3 
1190 	 4 
1191 	 3 
1192 	 3 
1193 	 2 
1194 	 4 
1195 	 2 
1196 	 2 
1197 	 2 
1198 	 2 
1199 	 2 
1200 	 2 
1201 	 2 
1202 	 2 
1203 	 4 
1204 	 2 
1205 	 2 
1206 	 2 
1207 	 2 
1208 	 2 
1209 	 3 
1210 	 4 
1211 	 2 
1212 	 4 
1213 	 2 
1214 	 2 
1215 	 4 
1216 	 2 
1217 	 2 
1218 	 2 
1219 	 4 
1220 	 4 
1221 	 2 
1222 	 2 
1223 	 4 
1224 	 3 
1225 	 2 
1226 	 2 
1227 	 4 
1228 	 4 
1229 	 2 
1230 	 2 
1231 	 2 
1232 	 2 
1233 	 2 
1234 	 2 
1235 	 3 
1236 	 4 
1237 	 3 
1238 	 2 
1239 	 2 
1240 	 4 
1241 	 2 
1242 	 4 
1243 	 2 
1244 	 2 
1245 	 3 
1246 	 2 
1247 	 3 
1248 	 2 
1249 	 4 
1250 	 2 
1251 	 4 
1252 	 2 
1253 	 2 
1254 	 2 
1255 	 3 
1256 	 2 
1257 	 3 
1258 	 4 
1259 	 2 
1260 	 3 
1261 	 2 
1262 	 2 
1263 	 4 
1264 	 4 
1265 	 2 
1266 	 4 
1267 	 2 
1268 	 2 
1269 	 2 
1270 	 4 
1271 	 4 
1272 	 2 
1273 	 4 
1274 	 3 
1275 	 4 
1276 	 4 
1277 	 2 
1278 	 3 
1279 	 2 
1280 	 4 
1281 	 2 
1282 	 2 
1283 	 2 
1284 	 4 
1285 	 2 
1286 	 4 
1287 	 2 
1288 	 4 
1289 	 2 
1290 	 2 
1291 	 2 
1292 	 3 
1293 	 3 
1294 	 4 
1295 	 2 
1296 	 2 
1297 	 2 
1298 	 2 
1299 	 2 
1300 	 4 
1301 	 2 
1302 	 2 
1303 	 4 
1304 	 2 
1305 	 2 
1306 	 2 
1307 	 2 
1308 	 4 
1309 	 2 
1310 	 2 
1311 	 3 
1312 	 3 
1313 	 4 
1314 	 2 
1315 	 2 
1316 	 2 
1317 	 4 
1318 	 2 
1319 	 4 
1320 	 2 
1321 	 2 
1322 	 4 
1323 	 2 
1324 	 4 
1325 	 2 
1326 	 4 
1327 	 2 
1328 	 2 
1329 	 2 
1330 	 2 
1331 	 2 
1332 	 2 
1333 	 2 
1334 	 2 
1335 	 3 
1336 	 3 
1337 	 2 
1338 	 2 
1339 	 2 
1340 	 2 
1341 	 4 
1342 	 4 
1343 	 2 
1344 	 2 
1345 	 2 
1346 	 4 
1347 	 2 
1348 	 2 
1349 	 2 
1350 	 2 
1351 	 2 
1352 	 3 
1353 	 4 
1354 	 4 
1355 	 3 
1356 	 2 
1357 	 3 
1358 	 2 
1359 	 2 
1360 	 2 
1361 	 4 
1362 	 4 
1363 	 3 
1364 	 2 
1365 	 3 
1366 	 3 
1367 	 2 
1368 	 2 
1369 	 3 
1370 	 2 
1371 	 4 
1372 	 4 
1373 	 2 
1374 	 3 
1375 	 4 
1376 	 4 
1377 	 4 
1378 	 2 
1379 	 4 
1380 	 4 
1381 	 2 
1382 	 2 
1383 	 4 
1384 	 3 
1385 	 3 
1386 	 2 
1387 	 4 
1388 	 2 
1389 	 2 
1390 	 2 
1391 	 3 
1392 	 2 
1393 	 2 
1394 	 2 
1395 	 4 
1396 	 4 
1397 	 2 
1398 	 2 
1399 	 2 
1400 	 2 
1401 	 4 
1402 	 2 
1403 	 3 
1404 	 2 
1405 	 2 
1406 	 2 
1407 	 2 
1408 	 2 
1409 	 2 
1410 	 2 
1411 	 2 
1412 	 2 
1413 	 2 
1414 	 3 
1415 	 2 
1416 	 2 
1417 	 4 
1418 	 2 
1419 	 2 
1420 	 3 
1421 	 2 
1422 	 4 
1423 	 4 
1424 	 4 
1425 	 2 
1426 	 2 
1427 	 2 
1428 	 4 
1429 	 4 
1430 	 2 
1431 	 2 
1432 	 2 
1433 	 2 
1434 	 4 
1435 	 2 
1436 	 2 
1437 	 2 
1438 	 2 
1439 	 2 
1440 	 2 
1441 	 2 
1442 	 2 
1443 	 4 
1444 	 2 
1445 	 2 
1446 	 2 
1447 	 2 
1448 	 2 
1449 	 3 
1450 	 3 
1451 	 3 
1452 	 2 
1453 	 2 
1454 	 2 
1455 	 2 
1456 	 4 
1457 	 4 
1458 	 2 
1459 	 2 
1460 	 2 
1461 	 4 
1462 	 2 
1463 	 4 
1464 	 4 
1465 	 4 
1466 	 2 
1467 	 2 
1468 	 2 
1469 	 3 
1470 	 2 
1471 	 2 
1472 	 4 
1473 	 4 
1474 	 3 
1475 	 2 
1476 	 2 
1477 	 4 
1478 	 4 
1479 	 2 
1480 	 2 
1481 	 2 
1482 	 2 
1483 	 2 
1484 	 2 
1485 	 3 
1486 	 2 
1487 	 4 
1488 	 3 
1489 	 2 
1490 	 2 
1491 	 2 
1492 	 2 
1493 	 4 
1494 	 2 
1495 	 4 
1496 	 2 
1497 	 2 
1498 	 2 
1499 	 3 
1500 	 4 
1501 	 4 
1502 	 2 
1503 	 4 
1504 	 4 
1505 	 2 
1506 	 2 
1507 	 2 
1508 	 2 
1509 	 4 
1510 	 4 
1511 	 2 
1512 	 2 
1513 	 2 
1514 	 4 
1515 	 2 
1516 	 2 
1517 	 4 
1518 	 4 
1519 	 2 
1520 	 2 
1521 	 4 
1522 	 4 
1523 	 3 
1524 	 4 
1525 	 2 
1526 	 2 
1527 	 2 
1528 	 2 
1529 	 2 
1530 	 4 
1531 	 4 
1532 	 2 
1533 	 2 
1534 	 4 
1535 	 4 
1536 	 2 
1537 	 4 
1538 	 2 
1539 	 3 
1540 	 3 
1541 	 2 
1542 	 2 
1543 	 2 
1544 	 2 
1545 	 4 
1546 	 2 
1547 	 4 
1548 	 2 
1549 	 2 
1550 	 2 
1551 	 2 
1552 	 2 
1553 	 4 
1554 	 2 
1555 	 4 
1556 	 4 
1557 	 2 
1558 	 2 
1559 	 2 
1560 	 2 
1561 	 4 
1562 	 2 
1563 	 2 
1564 	 4 
1565 	 4 
1566 	 2 
1567 	 2 
1568 	 4 
1569 	 2 
1570 	 2 
1571 	 4 
1572 	 2 
1573 	 2 
1574 	 4 
1575 	 3 
1576 	 2 
1577 	 2 
1578 	 4 
1579 	 4 
1580 	 2 
1581 	 4 
1582 	 2 
1583 	 4 
1584 	 2 
1585 	 2 
1586 	 4 
1587 	 2 
1588 	 2 
1589 	 2 
1590 	 2 
1591 	 4 
1592 	 4 
1593 	 2 
1594 	 2 
1595 	 2 
1596 	 4 
1597 	 2 
1598 	 2 
1599 	 4 
1600 	 4 
1601 	 4 
1602 	 4 
1603 	 4 
1604 	 4 
1605 	 2 
1606 	 4 
1607 	 2 
1608 	 2 
1609 	 4 
1610 	 4 
1611 	 4 
1612 	 2 
1613 	 4 
1614 	 4 
1615 	 4 
1616 	 4 
1617 	 4 
1618 	 2 
1619 	 2 
1620 	 2 
1621 	 2 
1622 	 2 
1623 	 4 
1624 	 3 
1625 	 4 
1626 	 2 
1627 	 4 
1628 	 4 
1629 	 4 
1630 	 4 
1631 	 4 
1632 	 4 
1633 	 2 
1634 	 2 
1635 	 2 
1636 	 2 
1637 	 2 
1638 	 4 
1639 	 2 
1640 	 4 
1641 	 4 
1642 	 4 
1643 	 2 
1644 	 2 
1645 	 2 
1646 	 3 
1647 	 2 
1648 	 4 
1649 	 4 
1650 	 4 
1651 	 3 
1652 	 2 
1653 	 2 
1654 	 2 
1655 	 4 
1656 	 2 
1657 	 2 
1658 	 2 
1659 	 2 
1660 	 2 
1661 	 2 
1662 	 4 
1663 	 2 
1664 	 4 
1665 	 3 
1666 	 2 
1667 	 2 
1668 	 3 
1669 	 4 
1670 	 4 
1671 	 2 
1672 	 2 
1673 	 2 
1674 	 4 
1675 	 4 
1676 	 4 
1677 	 2 
1678 	 2 
1679 	 2 
1680 	 4 
1681 	 4 
1682 	 4 
1683 	 2 
1684 	 2 
1685 	 4 
1686 	 4 
1687 	 2 
1688 	 4 
1689 	 4 
1690 	 2 
1691 	 4 
1692 	 2 
1693 	 4 
1694 	 4 
1695 	 4 
1696 	 4 
1697 	 2 
1698 	 4 
1699 	 4 
1700 	 2 
1701 	 2 
1702 	 2 
1703 	 4 
1704 	 2 
1705 	 3 
1706 	 4 
1707 	 2 
1708 	 2 
1709 	 2 
1710 	 4 
1711 	 4 
1712 	 2 
1713 	 3 
1714 	 4 
1715 	 2 
1716 	 2 
1717 	 2 
1718 	 4 
1719 	 4 
1720 	 2 
1721 	 4 
1722 	 4 
1723 	 2 
1724 	 2 
1725 	 2 
1726 	 2 
1727 	 2 
1728 	 2 
1729 	 2 
1730 	 2 
1731 	 2 
1732 	 4 
1733 	 2 
1734 	 2 
1735 	 2 
1736 	 4 
1737 	 4 
1738 	 4 
1739 	 3 
1740 	 2 
1741 	 2 
1742 	 3 
1743 	 2 
1744 	 2 
1745 	 2 
1746 	 4 
1747 	 2 
1748 	 3 
1749 	 3 
1750 	 4 
1751 	 2 
1752 	 2 
1753 	 2 
1754 	 2 
1755 	 4 
1756 	 2 
1757 	 2 
1758 	 4 
1759 	 2 
1760 	 2 
1761 	 2 
1762 	 4 
1763 	 2 
1764 	 2 
1765 	 3 
1766 	 2 
1767 	 4 
1768 	 4 
1769 	 2 
1770 	 2 
1771 	 2 
1772 	 4 
1773 	 4 
1774 	 2 
1775 	 4 
1776 	 2 
1777 	 4 
1778 	 4 
1779 	 4 
1780 	 2 
1781 	 2 
1782 	 2 
1783 	 2 
1784 	 2 
1785 	 2 
1786 	 2 
1787 	 3 
1788 	 4 
1789 	 2 
1790 	 2 
1791 	 2 
1792 	 4 
1793 	 2 
1794 	 2 
1795 	 2 
1796 	 2 
1797 	 2 
1798 	 2 
1799 	 3 
1800 	 2 
1801 	 2 
1802 	 4 
1803 	 4 
1804 	 2 
1805 	 2 
1806 	 4 
1807 	 3 
1808 	 2 
1809 	 2 
1810 	 2 
1811 	 2 
1812 	 2 
1813 	 4 
1814 	 4 
1815 	 2 
1816 	 2 
1817 	 2 
1818 	 2 
1819 	 2 
1820 	 2 
1821 	 2 
1822 	 4 
1823 	 2 
1824 	 4 
1825 	 3 
1826 	 4 
1827 	 2 
1828 	 2 
1829 	 3 
1830 	 2 
1831 	 4 
1832 	 3 
1833 	 2 
1834 	 4 
1835 	 2 
1836 	 4 
1837 	 2 
1838 	 4 
1839 	 2 
1840 	 4 
1841 	 4 
1842 	 4 
1843 	 4 
1844 	 4 
1845 	 4 
1846 	 4 
1847 	 3 
1848 	 4 
1849 	 4 
1850 	 4 
1851 	 4 
1852 	 4 
1853 	 4 
1854 	 4 
1855 	 4 
1856 	 4 
1857 	 4 
1858 	 4 
1859 	 4 
1860 	 4 
1861 	 4 
1862 	 4 
1863 	 4 
1864 	 4 
1865 	 4 
1866 	 4 
1867 	 4 
1868 	 4 
1869 	 4 
1870 	 4 
1871 	 3 
1872 	 4 
1873 	 4 
1874 	 4 
1875 	 4 
1876 	 4 
1877 	 3 
1878 	 4 
1879 	 4 
1880 	 4 
1881 	 4 
1882 	 4 
1883 	 4 
1884 	 4 
1885 	 4 
1886 	 3 
1887 	 4 
1888 	 4 
1889 	 4 
1890 	 2 
1891 	 4 
1892 	 4 
1893 	 2 
1894 	 4 
1895 	 4 
1896 	 4 
1897 	 4 
1898 	 4 
1899 	 4 
1900 	 4 
1901 	 4 
1902 	 4 
1903 	 2 
1904 	 4 
1905 	 4 
1906 	 3 
1907 	 4 
1908 	 4 
1909 	 3 
1910 	 4 
1911 	 4 
1912 	 4 
1913 	 4 
1914 	 4 
1915 	 3 
1916 	 4 
1917 	 4 
1918 	 4 
1919 	 4 
1920 	 4 
1921 	 4 
1922 	 4 
1923 	 4 
1924 	 4 
1925 	 4 
1926 	 4 
1927 	 4 
1928 	 4 
1929 	 4 
1930 	 4 
1931 	 4 
1932 	 4 
1933 	 4 
1934 	 4 
1935 	 4 
1936 	 4 
1937 	 4 
1938 	 4 
1939 	 4 
1940 	 4 
1941 	 4 
1942 	 3 
1943 	 4 
1944 	 4 
1945 	 4 
1946 	 4 
1947 	 4 
1948 	 3 
1949 	 3 
1950 	 4 
1951 	 4 
1952 	 4 
1953 	 3 
1954 	 4 
1955 	 4 
1956 	 4 
1957 	 4 
1958 	 4 
1959 	 4 
1960 	 4 
1961 	 4 
1962 	 4 
1963 	 4 
1964 	 4 
1965 	 4 
1966 	 4 
1967 	 3 
1968 	 4 
1969 	 4 
1970 	 4 
1971 	 4 
1972 	 4 
1973 	 4 
1974 	 4 
1975 	 4 
1976 	 4 
1977 	 2 
1978 	 4 
1979 	 4 
1980 	 4 
1981 	 4 
1982 	 4 
1983 	 4 
1984 	 4 
1985 	 4 
1986 	 4 
1987 	 2 
1988 	 2 
1989 	 4 
1990 	 4 
1991 	 2 
1992 	 2 
1993 	 2 
1994 	 2 
1995 	 2 
1996 	 2 
1997 	 2 
1998 	 2 
1999 	 3 
2000 	 2 
2001 	 2 
2002 	 2 
2003 	 2 
2004 	 2 
2005 	 2 
2006 	 2 
2007 	 2 
2008 	 2 
2009 	 2 
2010 	 2 
2011 	 2 
2012 	 2 
2013 	 4 
2014 	 2 
2015 	 2 
2016 	 2 
2017 	 2 
2018 	 2 
2019 	 2 
2020 	 4 
2021 	 2 
2022 	 4 
2023 	 2 
2024 	 2 
2025 	 2 
2026 	 2 
2027 	 3 
2028 	 2 
2029 	 2 
2030 	 2 
2031 	 4 
2032 	 4 
2033 	 2 
2034 	 2 
2035 	 2 
2036 	 2 
2037 	 2 
2038 	 2 
2039 	 2 
2040 	 2 
2041 	 2 
2042 	 2 
2043 	 2 
2044 	 3 
2045 	 4 
2046 	 2 
2047 	 4 
2048 	 4 
2049 	 4 
2050 	 4 
2051 	 2 
2052 	 2 
2053 	 2 
2054 	 2 
2055 	 4 
2056 	 4 
2057 	 4 
2058 	 2 
2059 	 4 
2060 	 3 
2061 	 4 
2062 	 2 
2063 	 4 
2064 	 2 
2065 	 4 
2066 	 2 
2067 	 4 
2068 	 2 
2069 	 2 
2070 	 4 
2071 	 2 
2072 	 2 
2073 	 4 
2074 	 2 
2075 	 2 
2076 	 2 
2077 	 4 
2078 	 2 
2079 	 2 
2080 	 2 
2081 	 4 
2082 	 2 
2083 	 2 
2084 	 2 
2085 	 4 
2086 	 4 
2087 	 2 
2088 	 4 
2089 	 3 
2090 	 4 
2091 	 4 
2092 	 2 
2093 	 3 
2094 	 2 
2095 	 2 
2096 	 4 
2097 	 2 
2098 	 2 
2099 	 4 
2100 	 2 
2101 	 4 
2102 	 4 
2103 	 2 
2104 	 2 
2105 	 2 
2106 	 4 
2107 	 2 
2108 	 2 
2109 	 2 
2110 	 4 
2111 	 3 
2112 	 4 
2113 	 2 
2114 	 2 
2115 	 2 
2116 	 3 
2117 	 2 
2118 	 2 
2119 	 4 
2120 	 2 
2121 	 2 
2122 	 4 
2123 	 2 
2124 	 4 
2125 	 2 
2126 	 4 
2127 	 4 
2128 	 2 
2129 	 2 
2130 	 4 
2131 	 4 
2132 	 4 
2133 	 2 
2134 	 4 
2135 	 2 
2136 	 4 
2137 	 2 
2138 	 4 
2139 	 2 
2140 	 2 
2141 	 2 
2142 	 4 
2143 	 4 
2144 	 2 
2145 	 2 
2146 	 2 
2147 	 2 
2148 	 2 
2149 	 2 
2150 	 2 
2151 	 2 
2152 	 2 
2153 	 3 
2154 	 2 
2155 	 2 
2156 	 2 
2157 	 2 
2158 	 2 
2159 	 4 
2160 	 2 
2161 	 4 
2162 	 2 
2163 	 4 
2164 	 4 
2165 	 2 
2166 	 4 
2167 	 4 
2168 	 4 
2169 	 2 
2170 	 2 
2171 	 4 
2172 	 4 
2173 	 4 
2174 	 2 
2175 	 4 
2176 	 4 
2177 	 4 
2178 	 2 
2179 	 2 
2180 	 2 
2181 	 2 
2182 	 2 
2183 	 4 
2184 	 2 
2185 	 2 
2186 	 3 
2187 	 2 
2188 	 2 
2189 	 4 
2190 	 3 
2191 	 2 
2192 	 2 
2193 	 4 
2194 	 4 
2195 	 4 
2196 	 4 
2197 	 2 
2198 	 2 
2199 	 4 
2200 	 2 
2201 	 4 
2202 	 2 
2203 	 2 
2204 	 2 
2205 	 2 
2206 	 4 
2207 	 4 
2208 	 2 
2209 	 2 
2210 	 4 
2211 	 2 
2212 	 2 
2213 	 2 
2214 	 2 
2215 	 2 
2216 	 4 
2217 	 2 
2218 	 4 
2219 	 4 
2220 	 4 
2221 	 2 
2222 	 2 
2223 	 4 
2224 	 4 
2225 	 2 
2226 	 2 
2227 	 2 
2228 	 4 
2229 	 2 
2230 	 4 
2231 	 2 
2232 	 2 
2233 	 4 
2234 	 2 
2235 	 2 
2236 	 2 
2237 	 4 
2238 	 4 
2239 	 2 
2240 	 4 
2241 	 2 
2242 	 2 
2243 	 3 
2244 	 2 
2245 	 2 
2246 	 2 
2247 	 2 
2248 	 4 
2249 	 4 
2250 	 2 
2251 	 2 
2252 	 2 
2253 	 2 
2254 	 2 
2255 	 4 
2256 	 4 
2257 	 2 
2258 	 2 
2259 	 4 
2260 	 2 
2261 	 2 
2262 	 2 
2263 	 2 
2264 	 3 
2265 	 2 
2266 	 2 
2267 	 2 
2268 	 2 
2269 	 2 
2270 	 4 
2271 	 2 
2272 	 2 
2273 	 2 
2274 	 2 
2275 	 2 
2276 	 2 
2277 	 2 
2278 	 2 
2279 	 2 
2280 	 2 
2281 	 4 
2282 	 4 
2283 	 4 
2284 	 4 
2285 	 2 
2286 	 2 
2287 	 2 
2288 	 2 
2289 	 2 
2290 	 2 
2291 	 2 
2292 	 2 
2293 	 2 
2294 	 2 
2295 	 2 
2296 	 2 
2297 	 2 
2298 	 2 
2299 	 2 
2300 	 2 
2301 	 2 
2302 	 4 
2303 	 4 
2304 	 4 
2305 	 2 
2306 	 2 
2307 	 4 
2308 	 4 
2309 	 2 
2310 	 2 
2311 	 2 
2312 	 2 
2313 	 2 
2314 	 4 
2315 	 2 
2316 	 4 
2317 	 4 
2318 	 4 
2319 	 2 
2320 	 2 
2321 	 4 
2322 	 4 
2323 	 2 
2324 	 2 
2325 	 2 
2326 	 2 
2327 	 2 
2328 	 2 
2329 	 2 
2330 	 2 
2331 	 2 
2332 	 2 
2333 	 2 
2334 	 4 
2335 	 2 
2336 	 4 
2337 	 4 
2338 	 2 
2339 	 4 
2340 	 2 
2341 	 2 
2342 	 2 
2343 	 2 
2344 	 2 
2345 	 2 
2346 	 4 
2347 	 2 
2348 	 2 
2349 	 2 
2350 	 4 
2351 	 4 
2352 	 2 
2353 	 4 
2354 	 2 
2355 	 2 
2356 	 2 
2357 	 2 
2358 	 2 
2359 	 4 
2360 	 2 
2361 	 2 
2362 	 4 
2363 	 4 
2364 	 2 
2365 	 4 
2366 	 2 
2367 	 2 
2368 	 4 
2369 	 2 
2370 	 2 
2371 	 2 
2372 	 2 
2373 	 2 
2374 	 2 
2375 	 2 
2376 	 2 
2377 	 2 
2378 	 3 
2379 	 2 
2380 	 2 
2381 	 2 
2382 	 2 
2383 	 2 
2384 	 4 
2385 	 2 
2386 	 2 
2387 	 2 
2388 	 2 
2389 	 2 
2390 	 2 
2391 	 2 
2392 	 2 
2393 	 2 
2394 	 2 
2395 	 2 
2396 	 2 
2397 	 2 
2398 	 4 
2399 	 4 
2400 	 4 
2401 	 4 
2402 	 2 
2403 	 4 
2404 	 2 
2405 	 4 
2406 	 2 
2407 	 2 
2408 	 4 
2409 	 4 
2410 	 4 
2411 	 4 
2412 	 4 
2413 	 4 
2414 	 4 
2415 	 4 
2416 	 4 
2417 	 4 
2418 	 4 
2419 	 2 
2420 	 4 
2421 	 4 
2422 	 2 
2423 	 2 
2424 	 2 
2425 	 2 
2426 	 2 
2427 	 4 
2428 	 4 
2429 	 2 
2430 	 2 
2431 	 2 
2432 	 2 
2433 	 3 
2434 	 4 
2435 	 2 
2436 	 4 
2437 	 4 
2438 	 2 
2439 	 2 
2440 	 2 
2441 	 4 
2442 	 2 
2443 	 4 
2444 	 2 
2445 	 4 
2446 	 2 
2447 	 4 
2448 	 2 
2449 	 2 
2450 	 2 
2451 	 4 
2452 	 2 
2453 	 4 
2454 	 4 
2455 	 2 
2456 	 4 
2457 	 2 
2458 	 2 
2459 	 2 
2460 	 4 
2461 	 4 
2462 	 4 
2463 	 2 
2464 	 2 
2465 	 4 
2466 	 4 
2467 	 2 
2468 	 2 
2469 	 4 
2470 	 2 
2471 	 4 
2472 	 2 
2473 	 2 
2474 	 2 
2475 	 2 
2476 	 4 
2477 	 4 
2478 	 2 
2479 	 4 
2480 	 2 
2481 	 2 
2482 	 2 
2483 	 4 
2484 	 4 
2485 	 4 
2486 	 4 
2487 	 4 
2488 	 4 
2489 	 4 
2490 	 4 
2491 	 4 
2492 	 4 
2493 	 4 
2494 	 4 
2495 	 4 
2496 	 4 
2497 	 4 
2498 	 4 
2499 	 4 
2500 	 4 
2501 	 4 
2502 	 4 
2503 	 4 
2504 	 4 
2505 	 4 
2506 	 4 
2507 	 4 
2508 	 4 
2509 	 4 
2510 	 4 
2511 	 4 
2512 	 4 
2513 	 4 
2514 	 4 
2515 	 4 
2516 	 4 
2517 	 4 
2518 	 4 
2519 	 4 
2520 	 4 
2521 	 4 
2522 	 4 
2523 	 4 
2524 	 4 
2525 	 4 
2526 	 4 
2527 	 4 
2528 	 4 
2529 	 4 
2530 	 4 
2531 	 4 
2532 	 4 
2533 	 4 
2534 	 4 
2535 	 4 
2536 	 4 
2537 	 4 
2538 	 4 
2539 	 4 
2540 	 4 
2541 	 4 
2542 	 4 
2543 	 4 
2544 	 4 
2545 	 4 
2546 	 4 
2547 	 4 
2548 	 4 
2549 	 4 
2550 	 4 
2551 	 4 
2552 	 4 
2553 	 4 
2554 	 4 
2555 	 4 
2556 	 4 
2557 	 4 
2558 	 4 
2559 	 4 
2560 	 4 
2561 	 4 
2562 	 4 
2563 	 4 
2564 	 4 
2565 	 4 
2566 	 4 
2567 	 4 
2568 	 4 
2569 	 4 
2570 	 4 
2571 	 4 
2572 	 4 
2573 	 4 
2574 	 4 
2575 	 4 
2576 	 4 
2577 	 4 
2578 	 4 
2579 	 4 
2580 	 4 
2581 	 4 
2582 	 4 
2583 	 4 
2584 	 4 
2585 	 4 
2586 	 4 
2587 	 4 
2588 	 4 
2589 	 4 
2590 	 4 
2591 	 4 
2592 	 4 
2593 	 4 
2594 	 4 
2595 	 4 
2596 	 4 
2597 	 4 
2598 	 4 
2599 	 4 
2600 	 4 
2601 	 4 
2602 	 4 
2603 	 4 
2604 	 4 
2605 	 4 
2606 	 4 
2607 	 4 
2608 	 4 
2609 	 4 
2610 	 4 
2611 	 4 
2612 	 4 
2613 	 4 
2614 	 4 
2615 	 4 
2616 	 4 
2617 	 4 
2618 	 4 
2619 	 4 
2620 	 4 
2621 	 4 
2622 	 4 
2623 	 4 
2624 	 4 
2625 	 4 
2626 	 4 
2627 	 4 
2628 	 4 
2629 	 4 
2630 	 4 
2631 	 4 
2632 	 4 
2633 	 4 
2634 	 4 
2635 	 4 
2636 	 4 
2637 	 4 
2638 	 4 
2639 	 4 
2640 	 4 
2641 	 4 
2642 	 4 
2643 	 4 
2644 	 4 
2645 	 4 
2646 	 4 
2647 	 4 
2648 	 4 
2649 	 4 
2650 	 4 
2651 	 4 
2652 	 4 
2653 	 4 
2654 	 4 
2655 	 4 
2656 	 4 
2657 	 4 
2658 	 4 
2659 	 4 
2660 	 4 
2661 	 4 
2662 	 4 
2663 	 4 
2664 	 4 
2665 	 4 
2666 	 4 
2667 	 4 
2668 	 4 
2669 	 4 
2670 	 4 
2671 	 4 
2672 	 4 
2673 	 4 
2674 	 4 
2675 	 4 
2676 	 4 
2677 	 4 
2678 	 4 
2679 	 4 
2680 	 4 
2681 	 4 
2682 	 4 
2683 	 4 
2684 	 4 
2685 	 4 
2686 	 4 
2687 	 4 
2688 	 4 
2689 	 4 
2690 	 4 
2691 	 4 
2692 	 4 
2693 	 4 
2694 	 4 
2695 	 4 
2696 	 4 
2697 	 4 
2698 	 4 
2699 	 4 
2700 	 4 
2701 	 4 
2702 	 4 
2703 	 4 
2704 	 2 
2705 	 4 
2706 	 4 
2707 	 4 
2708 	 4 
2709 	 4 
2710 	 4 
2711 	 4 
2712 	 4 
2713 	 4 
2714 	 4 
2715 	 4 
2716 	 4 
2717 	 4 
2718 	 4 
2719 	 4 
2720 	 4 
2721 	 4 
2722 	 2 
2723 	 4 
2724 	 4 
2725 	 4 
2726 	 4 
2727 	 4 
2728 	 4 
2729 	 4 
2730 	 4 
2731 	 4 
2732 	 4 
2733 	 4 
2734 	 4 
2735 	 4 
2736 	 4 
2737 	 4 
2738 	 4 
2739 	 4 
2740 	 4 
2741 	 4 
2742 	 4 
2743 	 4 
2744 	 4 
2745 	 4 
2746 	 4 
2747 	 4 
2748 	 4 
2749 	 4 
2750 	 4 
2751 	 4 
2752 	 4 
2753 	 4 
2754 	 4 
2755 	 4 
2756 	 4 
2757 	 4 
2758 	 4 
2759 	 4 
2760 	 4 
2761 	 4 
2762 	 4 
2763 	 4 
2764 	 4 
2765 	 4 
2766 	 4 
2767 	 4 
2768 	 4 
2769 	 4 
2770 	 4 
2771 	 4 
2772 	 4 
2773 	 4 
2774 	 4 
2775 	 4 
2776 	 4 
2777 	 4 
2778 	 4 
2779 	 4 
2780 	 4 
2781 	 4 
2782 	 4 
2783 	 4 
2784 	 4 
2785 	 4 
2786 	 4 
2787 	 4 
2788 	 4 
2789 	 4 
2790 	 4 
2791 	 4 
2792 	 4 
2793 	 4 
2794 	 4 
2795 	 4 
2796 	 4 
2797 	 4 
2798 	 4 
2799 	 4 
2800 	 4 
2801 	 4 
2802 	 4 
2803 	 4 
2804 	 4 
2805 	 4 
2806 	 4 
2807 	 4 
2808 	 4 
2809 	 4 
2810 	 4 
2811 	 4 
2812 	 4 
2813 	 4 
2814 	 4 
2815 	 4 
2816 	 4 
2817 	 4 
2818 	 4 
2819 	 4 
2820 	 4 
2821 	 4 
2822 	 4 
2823 	 4 
2824 	 4 
2825 	 4 
2826 	 4 
2827 	 4 
2828 	 4 
2829 	 4 
2830 	 4 
2831 	 4 
2832 	 4 
2833 	 4 
2834 	 4 
2835 	 4 
2836 	 4 
2837 	 4 
2838 	 4 
2839 	 4 
2840 	 4 
2841 	 4 
2842 	 4 
2843 	 4 
2844 	 4 
2845 	 4 
2846 	 4 
2847 	 4 
2848 	 4 
2849 	 4 
2850 	 4 
2851 	 4 
2852 	 4 
2853 	 4 
2854 	 4 
2855 	 4 
2856 	 4 
2857 	 4 
2858 	 4 
2859 	 4 
2860 	 4 
2861 	 4 
2862 	 4 
2863 	 4 
2864 	 4 
2865 	 4 
2866 	 4 
2867 	 4 
2868 	 4 
2869 	 4 
2870 	 4 
2871 	 4 
2872 	 4 
2873 	 4 
2874 	 4 
2875 	 4 
2876 	 4 
2877 	 4 
2878 	 4 
2879 	 4 
2880 	 4 
2881 	 4 
2882 	 4 
2883 	 4 
2884 	 4 
2885 	 4 
2886 	 4 
2887 	 4 
2888 	 4 
2889 	 4 
2890 	 4 
2891 	 4 
2892 	 4 
2893 	 4 
2894 	 4 
2895 	 4 
2896 	 4 
2897 	 4 
2898 	 4 
2899 	 4 
2900 	 4 
2901 	 4 
2902 	 4 
2903 	 4 
2904 	 4 
2905 	 4 
2906 	 4 
2907 	 4 
2908 	 4 
2909 	 4 
2910 	 4 
2911 	 4 
2912 	 4 
2913 	 4 
2914 	 4 
2915 	 4 
2916 	 4 
2917 	 4 
2918 	 4 
2919 	 4 
2920 	 4 
2921 	 4 
2922 	 4 
2923 	 4 
2924 	 4 
2925 	 4 
2926 	 4 
2927 	 4 
2928 	 4 
2929 	 4 
2930 	 4 
2931 	 4 
2932 	 4 
2933 	 4 
2934 	 4 
2935 	 4 
2936 	 4 
2937 	 4 
2938 	 4 
2939 	 4 
2940 	 4 
2941 	 4 
2942 	 4 
2943 	 4 
2944 	 4 
2945 	 4 
2946 	 4 
2947 	 4 
2948 	 4 
2949 	 4 
2950 	 4 
2951 	 4 
2952 	 4 
2953 	 4 
2954 	 4 
2955 	 4 
2956 	 4 
2957 	 4 
2958 	 4 
2959 	 4 
2960 	 4 
2961 	 4 
2962 	 4 
2963 	 4 
2964 	 4 
2965 	 4 
2966 	 4 
2967 	 4 
2968 	 4 
2969 	 4 
2970 	 4 
2971 	 4 
2972 	 4 
2973 	 4 
2974 	 4 
2975 	 4 
2976 	 4 
2977 	 4 
2978 	 4 
2979 	 4 
2980 	 4 
2981 	 4 
2982 	 4 
2983 	 4 
2984 	 4 
2985 	 4 
2986 	 4 
2987 	 4 
2988 	 4 
2989 	 4 
2990 	 4 
2991 	 4 
2992 	 4 
2993 	 4 
2994 	 4 
2995 	 4 
2996 	 4 
2997 	 4 
2998 	 4 
2999 	 4 
3000 	 4 
3001 	 4 
3002 	 4 
3003 	 4 
3004 	 4 
3005 	 4 
3006 	 4 
3007 	 4 
3008 	 4 
3009 	 4 
3010 	 4 
3011 	 4 
3012 	 4 
3013 	 4 
3014 	 4 
3015 	 4 
3016 	 4 
3017 	 4 
3018 	 4 
3019 	 4 
3020 	 4 
3021 	 4 
3022 	 4 
3023 	 4 
3024 	 4 
3025 	 4 
3026 	 4 
3027 	 4 
3028 	 4 
3029 	 4 
3030 	 4 
3031 	 4 
3032 	 4 
3033 	 4 
3034 	 4 
3035 	 4 
3036 	 4 
3037 	 4 
3038 	 4 
3039 	 4 
3040 	 4 
3041 	 4 
3042 	 4 
3043 	 4 
3044 	 4 
3045 	 4 
3046 	 4 
3047 	 4 
3048 	 4 
3049 	 4 
3050 	 4 
3051 	 4 
3052 	 4 
3053 	 4 
3054 	 4 
3055 	 4 
3056 	 4 
3057 	 4 
3058 	 4 
3059 	 4 
3060 	 4 
3061 	 4 
3062 	 4 
3063 	 4 
3064 	 4 
3065 	 4 
3066 	 4 
3067 	 4 
3068 	 4 
3069 	 4 
3070 	 4 
3071 	 4 
3072 	 4 
3073 	 4 
3074 	 4 
3075 	 4 
3076 	 4 
3077 	 4 
3078 	 4 
3079 	 4 
3080 	 4 
3081 	 4 
3082 	 4 
3083 	 4 
3084 	 4 
3085 	 4 
3086 	 4 
3087 	 4 
3088 	 4 
3089 	 4 
3090 	 4 
3091 	 4 
3092 	 4 
3093 	 4 
3094 	 4 
3095 	 4 
3096 	 4 
3097 	 4 
3098 	 4 
3099 	 4 
3100 	 4 
3101 	 4 
3102 	 4 
3103 	 4 
3104 	 4 
3105 	 4 
3106 	 4 
3107 	 4 
3108 	 4 
3109 	 4 
3110 	 4 
3111 	 4 
3112 	 4 
3113 	 4 
3114 	 4 
3115 	 4 
3116 	 4 
3117 	 4 
3118 	 4 
3119 	 4 
3120 	 4 
3121 	 4 
3122 	 4 
3123 	 4 
3124 	 4 
3125 	 4 
3126 	 4 
3127 	 4 
3128 	 4 
3129 	 4 
3130 	 4 
3131 	 4 
3132 	 4 
3133 	 4 
3134 	 4 
3135 	 4 
3136 	 4 
3137 	 4 
3138 	 4 
3139 	 2 
3140 	 2 
3141 	 2 
3142 	 4 
3143 	 4 
3144 	 4 
3145 	 4 
3146 	 4 
3147 	 4 
3148 	 4 
3149 	 4 
3150 	 4 
3151 	 4 
3152 	 2 
3153 	 4 
3154 	 4 
3155 	 4 
3156 	 4 
3157 	 4 
3158 	 4 
3159 	 4 
3160 	 4 
3161 	 4 
3162 	 4 
3163 	 4 
3164 	 4 
3165 	 4 
3166 	 4 
3167 	 4 
3168 	 4 
3169 	 4 
3170 	 4 
3171 	 4 
3172 	 2 
3173 	 2 
3174 	 2 
3175 	 2 
3176 	 2 
3177 	 4 
3178 	 4 
3179 	 4 
3180 	 4 
3181 	 4 
3182 	 4 
3183 	 4 
3184 	 4 
3185 	 4 
3186 	 4 
3187 	 4 
3188 	 4 
3189 	 4 
3190 	 4 
3191 	 4 
3192 	 4 
3193 	 4 
3194 	 4 
3195 	 4 
3196 	 4 
3197 	 4 
3198 	 4 
3199 	 4 
3200 	 4 
3201 	 4 
3202 	 4 
